1604479903742
1604479903837
1604479903915
1604479903993
1604479904150
1604479904230
1604479904309
1604479904387
1604479904545
1604479904718
1604479904798
1604479904955
1604479905035
1604479905113
1604479905192
1604479905348
1604479905428
1604479905507
1604479905744
1604479905838
1604479905918
1604479905997
1604479906152
1604479906232
1604479906309
1604479906388
1604479906542
1604479906685
1604479906840
1604479906917
1604479906994
1604479907152
1604479907245
1604479907325
1604479907403
1604479907481
1604479907715
1604479907794
1604479907951
1604479908030
1604479908156
1604479908236
1604479908313
1604479908390
1604479908549
1604479908722
1604479908785
1604479908957
1604479909036
1604479909112
1604479909192
1604479909348
1604479909428
1604479909506
1604479909744
1604479909836
1604479909914
1604479909993
1604479910149
1604479910227
1604479910304
1604479910445
1604479910521
1604479910681
1604479910790
1604479910945
1604479911024
1604479911104
1604479911198
1604479911356
1604479911433
1604479911510
1604479911746
1604479911809
1604479911964
1604479912044
1604479912123
1604479912202
1604479912281
1604479912436
1604479912531
1604479912685
1604479912842
1604479912922
1604479913002
1604479913155
1604479913235
1604479913311
1604479913436
1604479913514
1604479913751
1604479913828
1604479913908
1604479913984
1604479914156
1604479914234
1604479914311
1604479914389
1604479914544
1604479914702
1604479914797
1604479914954
1604479915034
1604479915114
1604479915191
1604479915350
1604479915427
1604479915507
1604479915728
1604479915824
1604479915964
1604479916044
1604479916121
1604479916199
1604479916352
1604479916461
1604479916524
1604479916680
1604479916790
1604479916949
1604479917029
1604479917107
1604479917187
1604479917329
1604479917425
1604479917564
1604479917724
1604479917802
1604479917880
1604479918038
1604479918133
1604479918197
1604479918306
1604479918386
1604479918528
1604479918765
1604479918844
1604479918924
1604479919001
1604479919081
1604479919239
1604479919318
1604479919398
1604479919556
1604479919729
1604479919807
1604479919885
1604479920041
1604479920120
1604479920197
1604479920355
1604479920433
1604479920513
1604479920686
1604479920843
1604479920921
1604479920999
1604479921155
1604479921232
1604479921357
1604479921435
1604479921514
1604479921749
1604479921827
1604479921906
1604479921986
1604479922160
1604479922240
1604479922316
1604479922396
1604479922554
1604479922712
1604479922788
1604479922946
1604479923038
1604479923117
1604479923196
1604479923353
1604479923429
1604479923506
1604479923743
1604479923807
1604479923965
1604479924045
1604479924124
1604479924202
1604479924281
1604479924437
1604479924517
1604479924751
1604479924831
1604479924924
1604479925002
1604479925080
1604479925237
1604479925315
1604479925393
1604479925551
1604479925757
1604479925882
1604479926039
1604479926118
1604479926198
1604479926290
1604479926447
1604479926523
1604479926602
1604479949840
1604479949918
1604479949998
1604479950235
1604479950314
1604479950391
1604479950548
1604479950626
1604479950720
1604479950955
1604479951035
1604479951113
1604479951192
1604479951350
1604479951430
1604479951509
1604479951586
1604479951727
1604479951882
1604479952070
1604479952150
1604479952228
1604479952306
1604479952399
1604479952555
1604479952635
1604479952713
1604479952950
1604479953029
1604479953107
1604479953247
1604479953326
1604479953406
1604479953483
1604479953642
1604479953720
1604479953956
1604479954034
1604479954129
1604479954160
1604479954287
1604479954444
1604479954522
1604479954600
1604479954679
1604479954927
1604479955005
1604479955083
1604479955239
1604479955315
1604479955426
1604479955519
1604479955597
1604479955756
1604479955913
1604479955990
1604479956147
1604479956239
1604479956317
1604479956393
1604479956550
1604479956629
1604479956708
1604479956958
1604479957037
1604479957115
1604479957193
1604479957347
1604479957425
1604479957504
1604479957584
1604479957756
1604479957912
1604479957992
1604479958165
1604479958229
1604479958306
1604479958399
1604479958525
1604479958602
1604479958757
1604479958913
1604479959024
1604479959118
1604479959198
1604479959354
1604479959478
1604479959650
1604479959713
1604479959805
1604479960041
1604479960121
1604479960198
1604479960356
1604479960436
1604479960528
1604479960592
1604479960687
1604479960842
1604479961079
1604479961235
1604479961438
1604479961518
1604479961597
1604479961833
1604479961910
1604479962318
1604479962707
1604479962960
1604479963040
1604479963118
1604479963195
1604479963353
1604479963431
1604479963509
1604479963587
1604479963681
1604479963918
1604479963997
1604479964154
1604479964231
1604479964310
1604479964388
1604479964545
1604479964624
1604479964716
1604479964954
1604479965033
1604479965111
1604479965188
1604479965360
1604479965438
1604479965518
1604479965596
1604479965753
1604479965878
1604479965989
1604479966129
1604479966193
1604479966287
1604479966441
1604479966521
1604479966598
1604479966758
1604479966915
1604479966995
1604479967152
1604479967245
1604479967322
1604479967402
1604479967482
1604479967654
1604479967717
1604479967873
1604479968045
1604479968123
1604479968203
1604479968282
1604479968441
1604479968517
1604479968597
1604479968755
1604479968915
1604479969056
1604479969119
1604479969243
1604479969322
1604479969401
1604479969477
1604479969632
1604479969723
1604479969958
1604479970036
1604479970115
1604479970239
1604479970317
1604479970394
1604479970552
1604479970723
1604479970787
1604479971035
1604479971112
1604479971190
1604479971362
1604479971426
1604479971521
1604479971598
1604479971757
1604479971835
1604479971994
1604479972151
1604479972230
1604479972307
1604479972385
1604479972527
1604479972607
1604479972685
1604479972842
1604479973000
1604479973080
1604480568820
1604480568898
1604480568980
1604480569057
1604480569217
1604480569299
1604480569378
1604480569616
1604480569696
1604480569777
1604480569857
1604480570016
1604480570097
1604480570178
1604480570257
1604480570416
1604480570578
1604480570657
1604480570817
1604480570897
1604480570977
1604480571057
1604480571216
1604480571251
1604480571415
1604480571569
1604480571652
1604480571808
1604480571888
1604480571971
1604480572051
1604480572209
1604480572289
1604480572369
1604480572608
1604480572689
1604480572770
1604480572850
1604480573009
1604480573090
1604480573170
1604480573250
1604480573409
1604480573569
1604480573698
1604480573779
1604480573858
1604480574016
1604480574129
1604480574211
1604480574257
1604480574417
1604480574578
1604480574658
1604480574818
1604480574897
1604480574978
1604480575058
1604480575218
1604480575297
1604480575378
1604480575618
1604480575697
1604480575777
1604480575857
1604480576016
1604480576102
1604480576182
1604480576258
1604480576373
1604480576578
1604480576658
1604480576773
1604480576853
1604480577011
1604480577092
1604480577170
1604480577251
1604480577410
1604480577576
1604480577651
1604480577810
1604480577890
1604480577970
1604480578050
1604480578210
1604480578291
1604480578372
1604480578611
1604480578691
1604480578819
1604480578901
1604480578978
1604480579061
1604480579219
1604480579300
1604480579379
1604480579618
1604480579698
1604480579779
1604480579859
1604480579972
1604480580099
1604480580212
1604480580291
1604480580419
1604480580579
1604480580660
1604480580818
1604480580899
1604480580980
1604480581091
1604480581173
1604480581251
1604480581410
1604480581571
1604480581650
1604480581810
1604480581893
1604480581974
1604480582053
1604480582210
1604480582290
1604480582372
1604480582611
1604480582691
1604480582771
1604480582850
1604480583010
1604480583092
1604480583172
1604480583251
1604480583410
1604480583620
1604480583699
1604480583780
1604480583859
1604480584020
1604480584099
1604480584179
1604480584259
1604480584418
1604480584580
1604480584661
1604480584818
1604480584852
1604480585012
1604480585092
1604480592771
1604480592850
1604480593009
1604480593169
1604480593249
1604480593410
1604480593490
1604480593569
1604480593653
1604480593809
1604480593888
1604480593969
1604480594209
1604480594290
1604480594371
1604480594450
1604480594610
1604480594657
1604480594819
1604480594901
1604480594977
1604480595219
1604480595298
1604480595378
1604480595458
1604480595617
1604480595698
1604480595778
1604480595857
1604480596016
1604480596177
1604480596258
1604480596450
1604480596613
1604480596738
1604480596818
1604480596897
1604480596977
1604480597057
1604480597257
1604480597410
1604480597490
1604480597568
1604480597650
1604480597810
1604480597889
1604480597969
1604480598049
1604480598290
1604480598369
1604480598454
1604480598608
1604480598690
1604480598769
1604480598849
1604480599009
1604480599091
1604480599299
1604480599410
1604480599458
1604480599620
1604480599698
1604480599779
1604480599858
1604480600017
1604480600097
1604480600290
1604480600369
1604480600451
1604480600609
1604480600689
1604480600769
1604480600850
1604480601009
1604480601089
1604480601299
1604480601379
1604480601491
1604480601569
1604480601649
1604480601779
1604480601857
1604480602016
1604480602097
1604480602258
1604480602416
1604480602497
1604480602577
1604480602658
1604480602816
1604480602898
1604480602977
1604480603057
1604480603299
1604480603378
1604480603457
1604480603617
1604480603698
1604480603812
1604480603889
1604480603969
1604480604050
1604480604291
1604480604370
1604480604455
1604480604609
1604480604690
1604480604770
1604480604850
1604480605010
1604480605091
1604480605249
1604480605411
1604480605490
1604480605569
1604480605654
1604480605809
1604480605891
1604480605971
1604480606049
1604480606289
1604480606418
1604480606497
1604480606578
1604480606657
1604480606817
1604480606897
1604480606977
1604480607057
1604480607298
1604480607379
1604480607458
1604480607618
1604480607699
1604480607778
1604480607857
1604480607970
1604480608052
1604480608289
1604480608370
1604480608450
1604480608611
1604480608690
1604480608769
1604480608850
1604480609009
1604480609092
1604480609250
1604480609410
1604480609490
1604480609571
1604480609649
1604480609809
1604480609890
1604480609971
1604480610050
1604480610290
1604480610369
1604480610450
1604480610611
1604480610691
1604480610770
1604480610852
1604480611010
1604480611092
1604480611249
1604480611411
1604480611490
1604480611570
1604480611650
1604480611810
1604480611892
1604480611974
1604480612051
1604480612257
1604480612580
1604480612769
1604480612898
1604480612979
1604480613061
1604480613379
1604480613459
1604480613616
1604480613779
1604480613859
1604480614179
1604480614257
1604480614369
1604480614455
1604480614611
1604480614690
1604480614770
1604480615010
1604480615089
1604480615170
1604480615252
1604480615413
1604480615491
1604480615570
1604480615651
1604480615810
1604480615970
1604480616051
1604480616211
1604480616291
1604480616369
1604480616449
1604480616611
1604480616690
1604480616738
1604480616978
1604480617058
1604480617139
1604480617251
1604480617410
1604480617490
1604480617539
1604480617652
1604480617810
1604480617970
1604480618050
1604480618210
1604480618292
1604480618370
1604480618451
1604480618611
1604480618690
1604480618771
1604480619010
1604480619091
1604480619170
1604480619298
1604480619378
1604480619457
1604480619618
1604480619697
1604480619780
1604480620017
1604480620097
1604480620179
1604480620257
1604480620417
1604480620499
1604480620579
1604480620658
1604480620817
1604480620978
1604480621059
1604480621219
1604480621299
1604480621379
1604480621459
1604480621617
1604480621651
1604480621733
1604480621972
1604480622051
1604480622212
1604480622292
1604480622370
1604480622451
1604480622610
1604480622690
1604480622771
1604480623010
1604480623090
1604480623171
1604480623251
1604480623412
1604480623491
1604480623571
1604480623651
1604480623810
1604480623972
1604480624054
1604480624211
1604480624259
1604480624370
1604480624529
1604480624579
1604480624658
1604480624818
1604480624979
1604480625058
1604480625218
1604480625297
1604480625378
1604480625457
1604480625618
1604480625699
1604480625778
1604480626018
1604480626052
1604480626211
1604480626295
1604480626371
1604480626450
1604480626609
1604480626690
1604480626774
1604480627011
1604480627092
1604480627171
1604480627251
1604480627411
1604480627490
1604480627571
1604480627650
1604480627810
1604480627972
1604480628052
1604480628211
1604480628291
1604480628370
1604480628451
1604480628611
1604480628691
1604480628771
1604480629011
1604480629090
1604480629169
1604480629251
1604480629411
1604480629490
1604480629569
1604480629698
1604480629811
1604480630019
1604480630100
1604480630180
1604480630259
1604480630418
1604480630498
1604480630578
1604480630661
1604480694773
1604480695014
1604480695094
1604480695179
1604480695256
1604480695415
1604480695494
1604480695574
1604480695655
1604480695815
1604480695975
1604480696055
1604480696215
1604480696296
1604480696375
1604480696453
1604480696614
1604480696694
1604480696822
1604480696983
1604480697063
1604480697222
1604480697301
1604480697382
1604480697463
1604480697620
1604480697701
1604480697782
1604480697944
1604480698102
1604480698187
1604480698263
1604480698345
1604480698456
1604480698617
1604480698697
1604480698776
1604480699014
1604480699094
1604480699175
1604480699257
1604480699416
1604480699496
1604480699576
1604480699656
1604480699816
1604480699975
1604480700054
1604480700214
1604480700295
1604480700374
1604480700503
1604480700615
1604480700695
1604480700775
1604480701016
1604480701095
1604480701175
1604480701334
1604480701416
1604480701464
1604480701543
1604480701704
1604480701783
1604480701975
1604480702055
1604480702185
1604480702264
1604480702343
1604480702503
1604480702584
1604480702663
1604480702744
1604480702988
1604480703065
1604480703144
1604480703303
1604480703384
1604480703496
1604480703593
1604480703659
1604480703816
1604480703975
1604480704057
1604480704215
1604480704310
1604480704376
1604480704457
1604480704615
1604480704696
1604480704776
1604480705016
1604480705094
1604480705178
1604480705257
1604480705417
1604480705495
1604480705575
1604480705657
1604480705783
1604480705946
1604480706103
1604480706183
1604480706265
1604480706374
1604480706454
1604480706615
1604480706664
1604480706745
1604480706982
1604480707063
1604480707154
1604480707302
1604480707383
1604480707464
1604480707622
1604480707705
1604480707784
1604480707945
1604480708103
1604480708184
1604480708263
1604480708344
1604480708502
1604480708618
1604480708696
1604480708776
1604480708936
1604480709065
1604480709222
1604480709303
1604480709383
1604480715828
1604480715894
1604480715975
1604480716057
1604480716293
1604480716373
1604480716454
1604480716614
1604480716694
1604480716777
1604480716855
1604480717015
1604480717095
1604480717253
1604480717414
1604480717495
1604480717576
1604480717656
1604480717814
1604480717894
1604480717976
1604480718056
1604480718263
1604480718343
1604480718505
1604480718582
1604480718662
1604480718821
1604480718902
1604480718983
1604480719062
1604480719301
1604480719383
1604480719462
1604480719543
1604480719704
1604480719782
1604480719893
1604480719974
1604480720055
1604480720294
1604480720375
1604480720454
1604480720613
1604480720694
1604480720774
1604480720902
1604480720983
1604480721062
1604480721303
1604480721383
1604480721464
1604480721548
1604480721704
1604480721784
1604480721862
1604480722022
1604480722101
1604480722263
1604480722421
1604480722502
1604480722582
1604480722695
1604480722798
1604480722858
1604480723018
1604480723096
1604480723255
1604480723414
1604480723501
1604480723576
1604480723655
1604480723814
1604480723894
1604480723975
1604480724057
1604480724294
1604480724374
1604480724454
1604480724615
1604480724694
1604480724774
1604480724856
1604480725016
1604480725094
1604480725303
1604480725384
1604480725462
1604480725621
1604480725702
1604480725782
1604480725864
1604480725942
1604480726055
1604480726294
1604480726421
1604480726502
1604480726582
1604480726663
1604480726821
1604480726903
1604480726982
1604480727064
1604480727302
1604480727383
1604480727463
1604480727544
1604480727659
1604480727815
1604480727895
1604480727975
1604480728057
1604480728295
1604480728375
1604480728456
1604480728614
1604480728695
1604480728774
1604480728855
1604480729014
1604480729096
1604480729257
1604480729415
1604480729496
1604480729575
1604480729655
1604480729814
1604480729862
1604480729943
1604480730102
1604480730263
1604480730343
1604480730505
1604480730583
1604480730664
1604480730822
1604480730902
1604480730984
1604480731062
1604480731304
1604480731383
1604480731462
1604480731621
1604480731702
1604480731781
1604480731863
1604480731946
1604480732102
1604480732263
1604480732422
1604480732502
1604480732582
1604480732663
1604480732822
1604480732903
1604480732986
1604480733063
1604480733255
1604480733357
1604480733495
1604480733576
1604480733655
1604480733815
1604480733896
1604480733973
1604480734057
1604480734296
1604480734375
1604480734455
1604480734614
1604480734695
1604480734776
1604480734857
1604480735014
1604480735095
1604480735256
1604480735414
1604480735494
1604480735576
1604480735655
1604480735816
1604480735896
1604480735976
1604480736056
1604480736295
1604480736375
1604480736456
1604480736615
1604480736696
1604480736776
1604480736903
1604480736983
1604480737064
1604480737303
1604480737383
1604480737464
1604480737544
1604480737704
1604480737783
1604480737863
1604480737943
1604480936629
1604480936784
1604480936923
1604480937002
1604480937079
1604480937158
1604480937312
1604480937392
1604480937471
1604480937628
1604480937800
1604480937879
1604480937958
1604480938065
1604480938190
1604480938315
1604480938395
1604480938472
1604480938627
1604480938783
1604480938863
1604480938957
1604480939114
1604480939192
1604480939270
1604480939426
1604480939505
1604480939585
1604480939822
1604480939914
1604480939992
1604480940071
1604480940228
1604480940308
1604480940386
1604480940465
1604480940591
1604480940761
1604480940869
1604480941026
1604480941119
1604480941197
1604480941275
1604480941430
1604480941508
1604480941586
1604480941836
1604480941915
1604480941993
1604480942071
1604480942226
1604480942303
1604480942383
1604480942476
1604480942553
1604480942789
1604480942866
1604480943023
1604480943070
1604480943162
1604480943320
1604480943398
1604480943476
1604480943556
1604480943805
1604480943882
1604480943959
1604480944039
1604480944194
1604480944304
1604480944365
1604480944523
1604480944601
1604480944761
1604480944918
1604480944996
1604480945073
1604480945229
1604480945323
1604480945402
1604480945481
1604480945559
1604480945793
1604480945951
1604480945997
1604480946076
1604480946155
1604480946312
1604480946392
1604480946470
1604480946626
1604480946799
1604480946877
1604480946954
1604480947113
1604480947190
1604480947268
1604480947362
1604480947503
1604480947596
1604480947752
1604480947911
1604480947989
1604480948066
1604480948192
1604480948270
1604480948365
1604480948519
1604480948597
1604480948831
1604480948924
1604480949001
1604480949079
1604480949157
1604480949314
1604480949391
1604480949531
1604480949593
1604480978591
1604480978669
1604480978761
1604480978920
1604480978997
1604480979075
1604480979230
1604480979310
1604480979390
1604480979595
1604480979672
1604480979831
1604480979906
1604480979986
1604480980066
1604480980221
1604480980316
1604480980394
1604480980628
1604480980707
1604480980786
1604480980863
1604480981021
1604480981114
1604480981192
1604480981270
1604480981422
1604480981563
1604480981722
1604480981799
1604480981879
1604480981958
1604480982114
1604480982194
1604480982269
1604480982364
1604480982600
1604480982679
1604480982755
1604480982864
1604480982956
1604480983114
1604480983191
1604480983269
1604480983348
1604480983597
1604480983675
1604480983907
1604480983986
1604480984065
1604480984222
1604480984301
1604480984395
1604480984474
1604480984786
1604480984864
1604480985023
1604480985069
1604480985164
1604480985319
1604480985399
1604480985475
1604480985553
1604480985950
1604480986121
1604480986199
1604480986276
1604480986354
1604480986591
1604480986732
1604480986794
1604480986873
1604480987106
1604480987184
1604480987262
1604480987355
1604480987510
1604480987590
1604480987668
1604480987746
1604480987916
1604480988074
1604480988230
1604480988307
1604480988385
1604480988463
1604480988621
1604480988701
1604480988764
1604480988920
1604480989074
1604480989154
1604480989327
1604480989403
1604480989481
1604480989559
1604480989716
1604480989793
1604480989871
1604480990073
1604480990230
1604480990310
1604480990388
1604480990465
1604480990560
1604480990716
1604480990794
1604480990872
1604480991107
1604480991183
1604480991261
1604480991433
1604480991512
1604480991591
1604480991668
1604480991824
1604480991902
1604480992122
1604480992201
1604480992279
1604480992357
1604480992525
1604480992601
1604480992679
1604480992758
1604480992914
1604480993072
1604480993152
1604480993320
1604480993399
1604480993475
1604480993554
1604480993726
1604480993803
1604480993883
1604480994120
1604480994291
1604480994354
1604480994543
1604480994623
1604480994764
1604480994922
1604480994999
1604480995078
1604480995313
1604480995390
1604480995470
1604480995550
1604480995724
1604480995802
1604480995880
1604480995959
1604480996117
1604480996274
1604480996398
1604480996475
1604480996629
1604480996707
1604480996784
1604480996864
1604480997036
1604480997116
1604480997271
1604480997428
1604480997521
1604480997583
1604480997677
1604480997754
1604480997913
1604480997989
1604480998067
1604480998302
1604480998365
1604480998523
1604480998602
1604480998678
1604480998757
1604480998912
1604480998992
1604480999088
1604480999323
1604480999401
1604480999478
1604480999557
1604480999713
1604480999793
1604480999964
1604481000120
1604481000306
1604481000555
1604481000714
1604481000791
1604481000916
1604481000994
1604481001073
1604481001151
1604481001323
1604481001400
1604481001588
1604481001667
1604481001823
1604481001903
1604481001993
1604481002070
1604481002224
1604481002316
1604481002393
1604481002629
1604481002674
1604481002752
1604481002846
1604481002954
1604481003109
1604481003188
1604481003265
1604481003407
1604481003562
1604481003717
1604481003796
1604481003874
1604481003952
1604481004120
1604481004200
1604481004278
1604481004358
1604481004637
1604481004730
1604481004791
1604481004870
1604481005027
1604481005105
1604481005185
1604481005262
1604481005437
1604481005592
1604481005670
1604481005746
1604481005915
1604481005993
1604481006071
1604481006149
1604481006308
1604481006385
1604481006635
1604481006714
1604481006792
1604481006870
1604481007027
1604481007105
1604481007197
1604481007276
1604481007398
1604481007554
1604481007712
1604481007836
1604481007961
1604481008117
1604481008195
1604481008272
1604481008398
1604481008476
1604481008711
1604481008787
1604481008867
1604481008946
1604481009118
1604481009194
1604481009274
1604481009354
1604481009511
1604481009669
1604481009826
1604481009902
1604481035589
1604481035667
1604481035825
1604481035887
1604481035965
1604481036119
1604481036276
1604481036354
1604481036514
1604481036608
1604481036687
1604481036765
1604481036920
1604481036999
1604481037077
1604481037312
1604481037438
1604481037516
1604481037596
1604481037675
1604481037753
1604481037909
1604481037987
1604481038066
1604481038470
1604481038547
1604481038720
1604481038784
1604481038864
1604481039037
1604481039117
1604481039195
1604481039275
1604481039509
1604481039589
1604481039667
1604481039886
1604481039964
1604481040122
1604481040200
1604481040279
1604481040357
1604481040609
1604481040687
1604481040764
1604481040922
1604481041002
1604481041080
1604481041160
1604481041315
1604481041395
1604481041598
1604481041676
1604481041753
1604481041912
1604481042004
1604481042067
1604481042146
1604481042303
1604481042397
1604481042628
1604481042705
1604481042785
1604481042863
1604481042955
1604481043113
1604481043191
1604481043269
1604481043425
1604481043585
1604481043725
1604481043804
1604481043880
1604481043960
1604481044116
1604481044211
1604481044274
1604481044352
1604481044604
1604481044682
1604481044761
1604481044915
1604481044993
1604481045086
1604481045164
1604481045319
1604481045399
1604481045555
1604481045714
1604481045808
1604481045888
1604481045966
1604481046123
1604481046201
1604481046280
1604481046360
1604481046596
1604481046674
1604481046800
1604481046878
1604481046956
1604481047113
1604481047191
1604481047271
1604481047349
1604481047596
1604481047675
1604481047829
1604481047906
1604481047984
1604481048076
1604481048156
1604481048312
1604481048392
1604481048624
1604481048704
1604481048766
1604481048924
1604481049002
1604481049079
1604481049159
1604481049316
1604481049412
1604481049565
1604481049723
1604481049798
1604481049877
1604481049954
1604481050078
1604481050156
1604481050312
1604481050391
1604481050637
1604481050715
1604481050794
1604481050873
1604481051030
1604481051108
1604481051185
1604481051265
1604481051356
1604481051591
1604481051670
1604481051793
1604481051886
1604481051963
1604481052072
1604481052229
1604481052307
1604481052386
1604481052554
1604481052712
1604481052788
1604481052867
1604481052945
1604481053118
1604481053197
1604481053273
1604481053430
1604481053586
1604481053664
1604481053755
1604481053912
1604481053991
1604481054070
1604481054228
1604481054308
1604481054387
1604481054605
1604481054682
1604481054760
1604481054868
1604481055026
1604481055104
1604481055166
1604481055325
1604481055401
1604481055557
1604481055665
1604481055759
1604481055915
1604481055993
1604481056070
1604481056227
1604481056319
1604481056399
1604481056554
1604481056712
1604481056790
1604481056866
1604481057037
1604481057116
1604481057193
1604481057271
1604481057427
1604481057566
1604481057723
1604481057803
1604481057882
1605247141540
1605247141620
1605247141701
1605247141859
1605247141940
1605247142100
1605247142183
1605247142339
1605247142452
1605247142532
1605247142660
1605247142740
1605247142854
1605247142939
1605247143097
1605247143252
1605247143332
1605247143412
1605247143492
1605247143654
1605247143732
1605247143814
1605247143895
1605247144134
1605247144214
1605247144293
1605247144452
1605247144532
1605247144620
1605247144694
1605247144854
1605247144979
1605247145105
1605247145253
1605247145331
1605247145459
1605247145493
1605247145655
1605247145735
1605247145819
1605247145895
1605247146132
1605247146212
1605247146293
1605247146453
1605247146540
1605247146614
1605247146696
1605247146852
1605247146934
1605247147332
1605247147413
1605247147497
1605247147652
1605247147704
1605247148021
1605247148100
1605247148180
1605247148340
1605247148500
1605247148579
1605247148695
1605247148822
1605247148900
1605247149059
1605247149140
1605247149221
1605247149301
1605247149540
1605247149620
1605247149699
1605247149780
1605247149941
1605247150020
1605247150100
1605247150179
1605247150339
1605247150533
1605247150612
1605247150692
1605247150861
1605247150935
1605247151013
1605247151093
1605247151253
1605247151333
1605247151493
1605247151655
1605247151732
1605247151813
1605247151895
1605247152053
1605247152133
1605247152213
1605247152293
1605247152532
1605247152579
1605247152741
1605247152822
1605247152899
1605247152980
1605247153144
1605247153220
1605247153301
1605247153573
1605247153655
1605247153733
1605247153814
1605247153940
1605247154021
1605247154100
1605247154260
1605247154341
1605247154500
1605247154580
1605247154740
1605247154823
1605247154903
1605247155059
1605247155144
1605247155224
1605247155302
1605247155494
1605247155575
1605247155703
1605247155783
1605247155942
1605247156021
1605247156102
1605247156181
1605247156342
1605247156533
1605247156623
1605247156697
1605247156853
1605247156933
1605247157014
1605247157093
1605247157253
1605247157345
1605247157494
1605247157654
1605247157733
1605247157815
1605247157897
1605247158053
1605247158135
1605247158214
1605247158293
1605247158536
1605247158615
1605247158694
1605247158853
1605247158933
1605247159012
1605247159094
1605247159256
1605247159335
1605247159492
1605247159653
1605247159733
1605247159811
1605247159895
1605247160053
1605247160132
1605247160213
1605247160296
1605247160536
1605247160613
1605247160694
