001787
048073
047381
029084
035260
031023
031499
014944
037005
031891
047377
047727
050142
051157
036031
052052
031015
049847
035277
015088
049899
015091
047702
029278
015981
019334
036035
029504
019341
029500
053754
026027
053770
039398
031994
040223
029563
039407
053745
019349
039405
051701
031387
001808
052054
047387
047693
031993
039415
051151
019330
031004
029154
005958
053768
014941
048060
031500
039395
017495
019346
047384
031904
031501
047390
035270
026017
014821
048798
031481
050115
030776
053360
030770
019342
018477
029160
047700
047391
029076
018488
015074
051829
030757
049900
019343
005978
029354
036036
048064
014832
029495
031907
031498
049863
048795
051155
029554
031016
051138
048774
039409
029573
005964
031505
031997
018482
031014
026019
031502
048065
035278
015082
048792
047704
047399
048791
035275
040224
048069
053776
029172
031392
029492
001804
017484
031491
029493
030764
053763
053752
015973
031918
047716
019348
050106
047724
032003
014952
029565
026030
030999
049852
050098
047383
050108
036997
030755
030998
015085
029511
029083
047393
047709
050100
014948
031903
029496
047385
050140
014824
049864
014951
005950
052060
039417
049862
001820
048763
018484
019335
001809
005977
031493
049848
047398
039418
029490
014939
031914
035280
039423
030768
031497
050141
029286
031995
031988
015412
053367
001811
047382
049910
029349
031990
029562
031496
051139
047380
047695
050131
035266
017485
031897
015096
037004
019347
017494
031895
006001
050114
050122
015084
031390
049909
051831
048784
018472
030997
014945
050118
031490
030772
019351
029350
005993
029158
031910
053362
018480
048071
015093
005971
005954
051850
030784
047378
029508
026021
035276
030767
029275
039387
053771
047728
015080
029092
039389
040210
031913
001793
029572
031894
029079
051699
039402
037014
050138
001786
019339
005946
035268
049856
047712
015094
049861
035259
005962
050102
014943
051154
053751
047717
047708
036996
037003
040209
005955
029167
048799
048072
035279
029277
030756
053363
031022
015969
029174
005956
051146
048067
015415
029156
048080
018476
051855
029491
048790
031373
005972
001812
053773
029503
053753
031986
015081
050135
031383
015099
053756
029364
018483
048782
015087
052063
032008
031917
048057
031919
031384
031488
050103
029148
039421
015079
029502
053775
036023
047711
018475
030771
031376
030753
014955
047722
052062
031890
001822
018473
029091
053357
030760
029074
036032
036039
031482
015423
048789
053772
049867
029095
029498
014958
015965
029284
053774
040214
005966
014940
031991
047706
050126
029293
031375
047394
005947
030766
047699
029499
014954
018487
029151
049877
029150
031000
032000
051141
048074
029080
015416
053356
048775
049853
047714
035272
050124
040222
029090
040201
001801
014959
051848
031906
050133
031987
048773
048781
005949
029165
036037
014831
031013
039419
005948
029077
005973
036998
029510
014826
047395
031371
039397
030780
053747
029166
040208
015077
005985
047392
047723
049843
053759
047710
050117
047726
014828
040219
048059
014953
047397
017486
029168
040220
050116
001803
035258
047718
052055
030761
049912
053364
029276
053366
050119
005963
032005
051840
029285
031485
039408
048780
037011
018465
029152
052061
005974
029164
015422
005976
053767
029507
036024
053758
053757
029351
040205
048766
048764
035267
001802
036019
048066
019340
048768
047707
031489
039414
036040
037012
040216
030754
031006
030779
049891
051688
026028
015980
026026
048779
015092
037000
031507
014829
036995
019331
029155
031381
001806
030778
019333
051156
005994
049901
052056
031483
051830
036022
015970
035271
001785
015963
029087
053368
015076
031506
040202
048077
039410
040212
050109
030769
050143
001810
015975
048063
032006
001794
029159
053355
049869
015964
030762
049854
049859
048796
039411
047694
014822
029082
030758
001816
019338
029570
017496
031374
029283
053749
030765
052053
015978
051838
049902
051143
001824
050123
031899
051687
037013
029294
005965
049870
018479
029093
029176
036030
014946
032001
001813
029288
031012
005960
047386
031382
048772
053748
037015
040215
040213
031021
031024
047703
047725
018466
047692
031999
039406
014937
053354
049888
029557
051150
005957
049846
050132
031503
049845
026020
019350
051700
039413
049911
029075
051702
050130
026029
029494
051683
048062
050127
015977
053358
029501
015962
031909
047701
050099
029292
015078
032002
015083
006003
001823
014957
031008
051142
031901
029287
050125
053761
005995
029279
029566
050110
029509
050107
052051
040204
029085
031905
029171
031511
053746
029147
047690
036020
031992
051828
039416
001805
035274
053755
047720
005968
051846
014947
053769
035262
031510
036999
048783
031020
015971
048776
051839
005952
031985
031388
031916
029088
015098
048767
005979
015095
049887
030781
015097
005961
015414
039401
051837
014956
051684
029348
047698
015972
048787
035269
015420
031380
053762
036029
031989
031512
015968
039412
029157
035264
005970
029359
040206
031998
029363
015966
053365
048765
005967
001821
048078
005953
029175
029295
029362
031508
036028
040221
053777