15.008600 -1.948520 48.090000 8.550000
15.136900 -1.965180 48.500999 14.060000
15.265100 -1.981830 48.912102 19.510000
15.395200 -1.838680 49.328701 21.379999
15.235700 -1.854000 49.828701 19.719999
5.051820 -4.197260 55.630600 20.690001
5.414640 -4.229540 56.028198 20.100000
6.219700 -3.910920 56.402302 17.959999
2.200860 -4.603350 57.082100 16.740000
2.217400 -4.637970 57.511299 18.309999
2.235400 -4.179270 57.978100 16.420000
-1.463980 -4.210220 58.432598 12.300000
25.218700 -6.360460 80.804802 8.010000
-30.392099 -8.376030 99.398300 11.210000
-30.517700 -8.410640 99.808998 10.150000
16.392000 -1.948520 47.636200 10.370000
16.161400 -1.965180 48.169300 19.559999
16.298300 -1.981830 48.577499 22.889999
23.697001 -1.692840 46.411800 18.090000
12.124600 -2.941270 50.624199 20.580000
12.224800 -2.965580 51.042599 21.920000
35.754700 -2.320140 42.497398 11.240000
5.373310 -4.197260 55.600498 21.420000
5.090680 -4.229540 56.058601 20.010000
6.975090 -4.437220 56.274799 15.460000
2.531850 -4.294120 57.092499 19.230000
2.551470 -4.148310 57.534801 20.370001
3.017830 -3.999800 57.955299 16.299999
0.000000 -4.029430 58.463699 19.320000
-3.295560 -9.031690 106.862000 10.760000
-3.308800 -9.067970 107.292000 10.340000
-2.699300 -9.104240 107.737999 8.220000
14.364400 -1.325170 48.307499 11.060000
14.862200 -1.336500 48.607201 22.000000
14.989000 -1.228920 49.021999 24.280001
15.115000 -1.239250 49.433998 22.559999
10.546600 -2.965580 51.415501 21.170000
12.727000 -2.539730 51.387199 20.590000
12.837100 -1.899960 51.831799 22.879999
33.069000 -1.945930 43.559200 16.340000
33.329399 -1.961250 43.902199 12.740000
5.055120 -3.678810 55.667000 21.570000
5.095020 -3.532890 56.106400 20.020000
2.201260 -4.470840 57.092602 18.590000
2.218340 -4.326400 57.535500 20.370001
2.234360 -4.538070 57.951199 18.309999
-0.338020 -3.848600 58.474899 15.320000
-0.680857 -4.059060 58.889702 13.420000
24.053900 -26.211599 77.072800 10.270000
24.772301 -26.344700 77.275398 16.049999
24.922300 -26.225401 77.743301 16.860001
14.736300 -1.325170 48.195301 10.000000
12.883800 -1.336500 49.168701 19.740000
16.303499 -1.506350 48.592899 21.840000
13.766200 -2.318040 49.787899 22.120001
14.170900 -2.337360 50.121700 22.950001
3.863580 -2.433940 54.101002 22.469999
1.070530 -1.632930 55.551800 16.930000
5.055120 -3.678810 55.667000 21.670000
5.418180 -3.707110 56.064800 20.900000
2.970550 -4.603350 57.047199 17.660000
2.550280 -4.504460 57.508099 20.160000
2.569310 -4.538070 57.937302 18.590000
0.000000 -4.210220 58.451000 16.990000
0.000000 -4.241180 58.880798 13.740000
15.015500 -1.208270 48.112099 10.530000
15.142900 -1.336500 48.520500 20.780001
12.712700 -1.838680 50.087200 21.780001
11.843200 -1.854000 50.742199 21.180000
4.142510 -2.581030 53.640900 22.420000
0.631649 -3.087120 54.633499 18.879999
5.011770 -4.336380 55.189602 17.209999
5.051820 -4.197260 55.630600 21.260000
5.091840 -4.055440 56.071301 20.360001
0.000000 -4.086390 56.731800 14.650000
6.979860 -3.910920 56.313301 14.650000
2.532420 -4.117350 57.105499 18.459999
2.550280 -4.504460 57.508099 20.889999
2.232790 -5.031140 57.910500 19.200001
0.000000 -4.210220 58.451000 16.719999
-0.340360 -4.241180 58.879799 14.980000
26.003599 -4.812990 81.116203 18.110001
26.134899 -4.837300 81.525902 19.410000
26.270700 -4.595480 81.949501 14.820000
25.377199 -1.854000 45.508499 18.610001
11.461600 -3.478950 54.280201 16.340000
5.017230 -3.478950 55.249802 15.480000
8.940090 -3.478950 54.751999 17.120001
5.051820 -4.197260 55.630600 20.840000
4.764540 -4.534130 56.063400 21.480000
2.534490 -3.409910 57.152000 17.250000
2.218340 -4.326400 57.535500 19.309999
1.788070 -4.358690 57.980400 16.580000
-0.337949 -4.029430 58.462700 15.760000
-0.340505 -3.876900 58.904900 14.610000
25.244900 -5.050770 80.889000 10.720000
25.363199 -5.603110 81.268097 16.440001
26.120100 -5.631410 81.479698 16.580000
16.885700 -11.753200 91.213898 9.410000
-30.125401 -8.944250 98.525803 7.810000
-30.822300 -8.981520 98.759804 8.690000
-30.941700 -9.340040 99.142502 10.570000
-30.501900 -9.056050 99.757401 8.120000
