16.572500 -0.249203 24.163000 14.630000
16.627300 0.068965 24.648001 15.070000
18.134600 -0.167914 25.172300 16.750000
20.061701 -0.559352 24.221399 14.940000
18.383801 -0.559352 25.518299 15.500000
18.493401 -1.847410 26.963699 11.030000
16.593201 0.493731 29.224501 17.290001
16.805901 0.500061 29.599100 16.209999
17.249100 0.506391 29.841700 13.230000
17.683599 1.456830 30.056299 11.970000
20.647600 -0.846821 28.660700 11.900000
22.326000 -0.857148 27.927200 16.299999
22.593599 -0.951406 28.262100 19.280001
22.862600 -0.962732 28.598499 17.209999
14.654000 0.315169 34.035400 13.700000
16.595400 0.086956 33.614799 12.210000
14.995300 0.087955 34.828098 8.940000
16.982401 0.087955 33.903599 7.700000
22.994301 -1.708880 53.406601 8.190000
23.513901 -0.689633 54.613300 7.690000
23.685801 0.138929 55.012600 7.830000
23.484900 -0.724615 57.894299 10.000000
22.858500 -0.729612 58.607201 12.380000
23.016500 -0.146925 59.012402 10.480000
23.630301 -0.147925 59.233501 9.250000
23.329700 -0.148924 59.815300 8.890000
23.240700 -0.366145 63.532902 9.790000
23.389000 0.157919 63.938400 13.540000
24.032301 0.158919 64.159698 16.530001
23.848101 -0.637667 71.079903 15.120000
23.433500 -0.641332 71.671097 17.480000
22.174200 -0.644997 72.521400 18.100000
22.427000 -0.177909 73.347900 14.950000
22.978901 -0.178909 73.628403 9.350000
24.203100 -0.429113 75.499901 9.770000
23.749300 0.000000 76.096603 12.990000
23.560101 -0.685309 77.054001 12.300000
23.686100 -0.688974 77.466003 8.180000
23.812599 -0.440773 77.879799 8.300000
23.599600 -1.501820 81.078300 9.380000
23.721201 -1.246990 81.496002 10.780000
23.842600 -0.989474 81.913002 10.420000
23.442900 -1.532470 82.916100 8.560000
23.560101 -1.540130 83.330704 7.690000
23.677299 -1.547800 83.745201 12.730000
23.797400 -0.743945 84.170097 15.570000
23.537300 -1.570780 85.126503 14.210000
23.652100 -1.578450 85.541702 13.180000
23.766899 -1.586110 85.957001 14.980000
23.329000 -1.044440 86.977699 11.910000
24.113501 -1.049440 87.210602 13.870000
24.229099 -0.773263 87.628601 17.230000
23.664600 -0.776928 88.228996 16.650000
-25.650200 0.496745 88.123199 11.120000
-26.281401 0.784258 88.384598 14.140000
-27.087799 0.787923 88.591499 15.440000
-27.727900 0.791587 88.844704 11.970000
-27.849199 -2.240980 89.233597 12.350000
24.314100 -3.920860 90.650200 16.740000
23.898800 -3.938850 91.205704 16.790001
24.004700 -4.249740 91.609901 10.510000
24.031300 -1.159380 97.030502 15.970000
24.388201 -0.242876 101.829002 9.630000
23.994801 -0.571373 102.806000 10.150000
24.092800 -0.573705 103.225998 13.410000
24.190201 -0.905195 103.642998 10.980000
-25.886400 -0.355818 151.199997 9.570000
-25.959101 -0.356818 151.625000 8.810000
-26.249599 0.841900 153.322006 11.380000
-26.322399 0.844232 153.746994 13.710000
-26.395399 0.362815 154.173004 13.170000
-26.467800 -0.848897 154.595993 10.700000
-26.539900 -1.337640 155.016998 10.700000
-26.686199 -0.366813 155.871994 9.490000
-26.759001 -0.367812 156.296997 8.610000
-25.692101 -0.862890 157.347000 7.040000
-26.791800 0.399796 170.264999 10.910000
-26.858801 0.400795 170.690002 8.250000
-26.925800 0.401795 171.115997 10.610000
27.661600 -1.513540 175.792007 9.760000
17.060499 -0.069964 24.874500 13.840000
18.918200 -0.260198 24.042101 12.890000
17.690500 -0.260198 24.959299 13.380000
16.604700 0.481071 28.222500 14.710000
17.043100 0.487401 28.463400 15.460000
16.819099 0.285851 29.097799 13.870000
16.807100 0.289516 29.601200 15.170000
17.247200 0.719581 29.838499 14.070000
17.441000 -0.846821 30.717600 13.120000
22.326000 -0.857148 27.927200 16.190001
22.594900 -0.867475 28.263700 20.719999
22.644400 -0.764555 28.777500 17.990000
22.910801 -0.773550 29.116100 13.320000
19.254299 -0.782545 32.156399 12.580000
16.259899 0.205228 34.255501 12.470000
-22.323700 -1.746740 43.722198 8.640000
-22.519501 -1.762060 44.105701 7.950000
22.773100 -1.057410 54.920502 11.490000
22.938101 -1.065070 55.318501 10.900000
22.673000 -1.072730 55.892799 9.630000
22.520800 0.000000 58.742298 10.420000
23.016600 0.000000 59.012600 16.379999
23.173100 -0.147925 59.413898 17.930000
22.983200 -0.347488 59.948399 15.540000
22.671700 -0.349820 60.527302 9.740000
22.873301 -0.156920 63.667000 15.240000
23.389099 0.000000 63.938499 16.930000
24.032301 0.158919 64.159698 15.880000
21.424900 0.586361 65.527901 10.590000
22.037800 -0.182907 75.712402 9.910000
22.597601 -0.429113 75.995903 9.740000
22.278601 -0.184906 76.539902 12.630000
23.088800 -0.438441 77.647903 10.490000
23.211201 -0.692639 78.059303 12.070000
22.976801 -0.718292 81.267700 10.290000
23.093300 -0.984476 81.679802 15.740000
23.211300 -0.725622 82.096901 16.180000
23.329300 -0.198899 82.514297 11.870000
23.446501 0.199898 82.929001 13.680000
23.563000 -0.736616 83.340797 16.820000
23.195700 -0.740281 83.890900 15.730000
23.310499 -0.743945 84.306198 10.090000
23.537300 -1.570780 85.126503 11.660000
23.652100 -1.578450 85.541702 17.209999
23.766899 -1.586110 85.957001 18.020000
23.441900 -0.489748 87.398499 12.990000
23.553499 -0.492080 87.814697 15.310000
23.665199 -0.494412 88.230904 14.150000
-26.157801 -1.064430 87.968803 11.100000
-26.282000 -0.499077 88.386497 16.680000
-26.405100 -0.214890 88.800598 17.760000
-26.527599 0.503741 89.212502 13.350000
23.911400 -2.480450 91.253700 24.049999
24.020599 -2.491780 91.670403 21.240000
23.383101 -1.164380 97.631798 15.140000
23.296400 -0.573705 103.407997 10.770000
23.390600 -0.905195 103.825996 9.530000
24.288099 -0.908859 104.063004 9.800000
-27.922400 -1.304650 150.832001 10.720000
-28.000799 -1.308320 151.255997 8.220000
-28.954700 -1.789050 151.509995 11.650000
-28.315500 -0.360816 152.955994 12.710000
-28.393999 -0.361815 153.378998 9.450000
-28.472000 -0.846565 153.800995 9.000000
-27.360399 -1.333970 154.436996 10.210000
-27.434700 -1.824030 154.856995 8.150000
-27.509899 -1.829030 155.281006 7.030000
-29.084801 1.465900 169.882004 11.370000
-29.158199 0.935186 170.309998 9.750000
-29.231300 0.401795 170.737000 8.920000
-29.304001 0.402794 171.162003 10.940000
25.924299 -0.949179 173.447006 8.110000
15.773500 0.334822 24.178101 12.310000
16.474701 6.845950 23.243900 12.850000
18.440500 6.946620 22.264099 12.550000
19.814699 0.349814 22.739000 13.660000
17.109301 0.000000 25.362499 15.080000
18.825800 -0.267527 25.198799 17.629999
17.008301 -0.271192 26.970301 17.959999
16.368099 0.389793 29.352699 15.820000
16.347700 0.500061 29.854700 17.379999
16.788700 0.186571 30.106899 13.190000
16.110701 -0.080959 30.962099 11.490000
17.698999 -0.080959 30.082399 10.850000
18.151699 -0.081958 30.314800 11.100000
22.111601 -0.746565 28.100401 17.680000
22.596500 -0.755560 28.265699 20.690001
16.404600 0.085956 33.228500 12.330000
16.594299 0.434769 33.612701 14.200000
16.785900 0.205228 34.000801 14.410000
16.711201 0.207560 34.516998 9.990000
-22.510099 -2.231640 53.125301 10.620000
-22.678101 -2.248290 53.521702 12.320000
-22.846001 -2.264950 53.918201 9.680000
22.608000 -1.049740 54.522499 10.570000
23.195700 -1.057410 54.743301 12.120000
22.936701 -1.250270 55.315201 9.600000
22.671700 -1.259270 55.889500 8.650000
22.520800 -0.145926 58.742100 13.530000
23.016500 -0.146925 59.012402 17.459999
22.829000 -0.345156 59.546101 17.280001
22.983200 -0.347488 59.948399 14.260000
22.382000 0.156920 63.841400 16.940001
23.019100 0.000000 64.072701 18.240000
23.164700 0.158919 64.477997 14.940000
23.310400 0.159918 64.883499 7.980000
20.539801 0.159918 65.813103 8.830000
19.987301 -0.426781 76.278397 10.120000
23.182600 -0.429113 75.819397 8.070000
22.720699 -0.184906 76.409798 10.390000
22.964800 -0.934503 77.230904 9.270000
22.638399 -0.939500 77.776001 12.500000
22.757900 -1.196350 78.186501 15.660000
22.500900 -2.174640 79.584503 14.200000
22.974001 -1.501820 81.257797 8.260000
23.092400 -1.246990 81.676399 13.570000
23.210600 -0.989474 82.094398 15.890000
22.964300 -1.265980 83.054398 12.850000
23.079201 -1.272310 83.469597 13.250000
23.194000 -1.278640 83.884903 18.350000
23.309799 -1.014460 84.303596 17.969999
22.880501 -1.570780 85.305298 12.480000
22.992100 -1.578450 85.721497 13.930000
23.103701 -1.586110 86.137604 15.140000
22.825899 -1.044440 87.111099 12.190000
22.935801 -0.769599 87.530701 11.560000
23.045500 -0.492080 87.949402 17.030001
-26.159201 -0.496745 87.973503 11.440000
-26.281401 -0.784258 88.384598 17.620001
-27.087799 -0.787923 88.591499 22.969999
-27.212999 -1.079430 89.000702 23.360001
-27.855400 -1.084420 89.253304 18.930000
23.099400 -2.759530 91.010002 11.650000
23.205299 -2.772190 91.427399 12.340000
22.715401 -2.395880 97.324402 9.560000
22.604799 -1.224350 103.114998 10.290000
22.697800 -0.901530 103.539001 10.610000
23.391100 -0.576037 103.828003 15.090000
23.485800 -0.578369 104.249001 12.940000
-27.921499 -1.779050 150.826996 7.900000
-28.000799 -1.308320 151.255997 7.800000
-28.079300 -1.311980 151.679001 9.350000
-27.135500 -0.841900 153.167007 7.330000
-27.210600 -0.844232 153.591995 8.110000
-27.360399 -1.333970 154.436996 10.570000
-27.434700 -1.824030 154.856995 11.100000
-29.991199 -1.462240 169.287003 12.220000
-29.084801 -1.465900 169.882004 10.220000
-29.158199 -0.935186 170.309998 6.620000
-29.230900 -0.937518 170.735001 12.140000
-29.303600 -0.939850 171.160004 13.350000
15.312400 7.687210 22.698799 12.380000
15.544400 7.803680 23.042700 15.350000
16.035900 7.859410 23.771299 15.150000
17.585800 1.585440 23.921200 14.400000
18.899799 1.371510 24.018801 16.360001
19.166000 1.390830 24.357100 15.730000
17.922300 1.390830 25.286301 16.740000
17.856400 -8.349890 25.609501 14.190000
16.449400 -8.349890 26.535200 15.750000
18.321199 -8.646880 26.276100 16.110001
15.766800 -0.179574 29.193199 14.830000
16.141899 -0.285851 29.478901 16.320000
16.176500 -0.078960 29.951799 15.150000
16.556101 -0.186571 30.235399 11.790000
16.998501 -0.188903 30.483200 10.300000
22.116100 -0.193567 28.106100 13.750000
22.373199 -1.063310 28.432899 18.490000
22.637400 -1.189190 28.768600 19.469999
22.903700 -1.203180 29.107100 15.330000
17.761700 -0.087955 33.501900 10.690000
15.995500 -0.087955 34.380199 11.170000
22.782900 -1.945930 49.718201 8.740000
22.962299 -1.961250 50.109699 10.430000
23.141701 -1.976580 50.501202 11.280000
-22.651501 -1.860720 52.610401 9.520000
-22.821800 -1.874720 53.005901 9.030000
-22.683100 -1.888710 53.533501 11.400000
22.443001 -1.042080 54.124500 11.950000
22.608000 -1.049740 54.522499 9.860000
22.775101 -0.689633 54.925499 10.980000
22.513800 -0.509401 55.500401 11.220000
22.520000 -0.535054 58.740200 8.550000
22.674299 -0.538719 59.142502 14.370000
22.827801 -0.739607 59.542999 17.129999
22.982000 -0.744604 59.945301 16.660000
22.491199 -5.982250 62.603500 10.430000
22.873400 0.000000 63.667198 11.720000
23.019100 0.000000 64.072701 17.200001
23.164801 0.000000 64.478203 18.360001
20.539900 0.000000 65.813301 14.000000
26.515699 0.000000 73.805199 12.910000
22.931000 0.000000 74.996399 11.360000
23.492500 0.000000 75.273903 8.450000
26.661301 0.000000 74.210800 7.670000
22.720699 -0.184906 76.409798 10.210000
22.841101 -1.177360 76.814697 8.110000
22.963900 -1.183690 77.227699 8.550000
22.637501 -1.190020 77.772903 13.820000
22.755400 -1.700010 78.177902 15.930000
22.391100 -0.974482 80.981300 13.120000
22.976101 -0.979479 81.265099 8.730000
23.092400 -1.246990 81.676399 14.000000
23.209600 -1.253320 82.091003 15.590000
22.963200 -1.532470 83.050201 10.030000
23.079201 -1.272310 83.469597 14.120000
23.194000 -1.278640 83.884903 18.250000
23.308800 -1.284970 84.300201 17.690001
22.764601 -2.310560 84.873299 11.260000
22.876200 -2.321880 85.289299 10.250000
22.987801 -2.333210 85.705399 15.110000
23.102301 -1.861920 86.132401 14.380000
22.825899 -1.044440 87.111099 10.710000
22.935101 -1.049440 87.527901 13.940000
23.044300 -1.054440 87.944702 17.170000
23.153500 -1.059440 88.361504 15.650000
-26.159500 -0.212891 87.974503 9.680000
-26.282301 -0.213891 88.387604 20.549999
-26.405100 -0.214890 88.800598 24.320000
-25.322300 0.000000 89.563499 22.700001
23.092100 -3.630580 90.981201 12.340000
23.200701 -3.355580 91.409103 12.360000
23.306601 -3.370910 91.826500 15.070000
22.917900 0.241877 101.727997 11.120000
23.201700 -0.571373 102.987999 8.990000
23.295900 -0.901530 103.405998 11.400000
23.391100 -0.576037 103.828003 13.970000
-27.923000 -0.830240 150.835007 10.060000
-28.001400 -0.832572 151.259003 8.840000
-27.135900 0.000000 153.169998 8.970000
-27.211000 0.000000 153.593994 9.080000
-27.286100 -0.362815 154.018005 7.660000
-27.358400 -2.304080 154.425995 10.120000
-27.434700 -1.824030 154.856995 6.860000
-27.586500 -0.855893 155.712997 11.250000
-27.706100 -0.398796 169.682007 11.960000
-29.085800 -0.399796 169.888000 9.570000
-27.844999 -0.400795 170.531998 7.010000
-27.914499 -0.401795 170.957001 11.880000
16.816601 0.160917 24.518900 17.120001
17.057899 0.536365 24.870600 16.250000
18.489300 0.993319 24.354601 13.280000
17.100300 0.993319 25.349199 14.760000
17.147800 0.647623 25.847099 15.550000
18.564600 0.647623 24.849001 15.200000
18.382700 0.656618 25.516800 15.020000
16.603901 0.582339 28.221100 13.780000
14.176400 0.493731 30.470200 14.340000
15.943500 0.500061 30.072399 15.290000
16.147100 0.000000 30.456400 14.790000
16.348700 -0.188903 30.836599 12.000000
16.550699 -0.081958 31.217699 12.110000
22.373199 -1.063310 28.432899 19.340000
22.641500 -0.962732 28.773899 19.840000
22.626301 -0.974058 29.331699 16.059999
16.591801 0.782545 33.607601 13.390000
16.518900 0.908783 34.119900 13.930000
19.441500 0.919110 33.044102 11.700000
23.261200 -1.151330 49.996799 10.840000
23.443001 -1.160320 50.387501 11.870000
24.015400 -1.169320 50.594501 10.780000
22.859699 -0.340492 58.610298 10.900000
22.674700 -0.342824 59.143799 14.870000
22.829300 -0.147925 59.546799 16.540001
22.981100 -0.943152 59.942902 14.910000
22.669600 -0.949482 60.521702 10.580000
19.833700 -5.364810 63.550598 8.580000
22.727400 0.363813 63.260700 12.140000
22.873100 0.366145 63.666199 16.270000
23.018999 0.157919 64.072502 18.920000
23.164700 0.158919 64.477997 18.340000
23.310101 0.373141 64.882797 12.890000
23.056700 -0.426781 75.407402 8.790000
23.182600 -0.429113 75.819397 10.730000
22.278601 -0.184906 76.539902 9.290000
23.085501 -1.440520 77.636803 9.730000
23.208300 -1.448190 78.049797 10.850000
23.324699 -2.405100 78.441299 8.250000
22.977600 -0.195900 81.270401 9.170000
23.093300 -0.984476 81.679802 10.540000
23.210600 -0.989474 82.094398 13.690000
23.079201 -1.272310 83.469597 14.740000
23.194000 -1.278640 83.884903 11.390000
23.308800 -1.284970 84.300201 11.450000
22.992100 -1.578450 85.721497 14.800000
23.103701 -1.586110 86.137604 14.350000
23.215300 -1.593770 86.553703 15.080000
23.329800 -0.765934 86.980400 17.730000
22.935801 -0.769599 87.530701 14.940000
23.045000 -0.773263 87.947502 15.700000
23.154699 -0.494412 88.366203 14.990000
-25.650200 -0.496745 88.123199 10.080000
-26.282301 -0.213891 88.387604 8.210000
-26.405199 0.000000 88.800797 15.800000
-27.214800 0.000000 89.006699 16.879999
-28.544300 0.216889 89.041702 14.120000
-23.106899 1.379910 91.039398 11.220000
23.316299 -1.978850 91.864502 24.930000
23.376600 -2.639020 97.604698 18.040001
23.295900 -0.901530 103.405998 9.890000
23.391100 -0.576037 103.828003 9.660000
23.485800 -0.578369 104.249001 10.460000
-26.760000 0.000000 151.048004 13.550000
-28.001801 0.000000 151.261002 14.130000
-28.080200 -0.357817 151.684998 11.150000
-27.211000 -0.361815 153.593994 10.900000
-27.286100 -0.362815 154.018005 8.910000
-27.361000 -0.848897 154.440002 7.700000
-27.435600 -1.337640 154.860992 8.080000
-27.510700 -1.341300 155.285995 9.090000
-27.662001 0.367812 156.139008 11.280000
-27.844999 0.400795 170.531998 7.960000
-27.914499 0.000000 170.957993 9.540000
-29.304001 0.000000 171.162003 7.820000
-27.461599 0.409791 174.520996 10.850000
-27.528601 0.410790 174.947006 8.500000
16.573099 0.067965 24.163799 7.550000
16.627300 -0.068965 24.648001 13.800000
16.670300 0.722896 25.127399 17.000000
17.879101 0.638628 24.817699 15.690000
18.627701 -0.656618 25.338499 15.560000
17.624100 -0.665613 26.565100 13.880000
21.772301 -9.564170 21.242599 15.270000
16.593201 0.493731 29.224501 16.219999
17.033501 0.500061 29.468700 16.790001
17.233200 0.080959 30.351700 11.490000
17.208401 0.191235 30.859600 12.170000
22.097099 -1.492810 28.082100 12.500000
22.371099 -1.175190 28.430201 16.129999
22.635000 -1.302400 28.765600 20.180000
15.888000 0.658963 33.472198 17.780001
16.335600 0.202896 33.741402 13.140000
16.523600 0.000000 34.129700 14.600000
-23.269300 -0.892513 56.117199 8.270000
22.859200 -0.535054 58.609001 8.360000
22.674299 -0.538719 59.142502 11.960000
22.827801 -0.739607 59.542999 15.390000
22.978600 -1.340220 59.936298 14.590000
23.132799 -1.349210 60.338501 13.330000
25.322201 -5.739230 61.068100 11.220000
25.486601 -5.776490 61.464600 8.160000
23.092899 0.155920 63.129002 10.570000
23.240999 0.156920 63.533699 13.680000
23.019100 0.000000 64.072701 16.200001
23.164700 -0.158919 64.477997 17.940001
23.054501 -1.158370 75.400299 11.570000
22.596399 -0.919511 75.991898 8.270000
22.596399 -0.919511 75.991898 10.840000
22.961399 -1.682020 77.219200 10.290000
23.085501 -1.440520 77.636803 10.290000
22.753799 -1.951820 78.172501 8.990000
22.874201 -1.962150 78.586098 14.120000
22.971100 -2.024110 81.247299 14.030000
23.091200 -1.509480 81.672302 9.590000
23.209600 -1.253320 82.091003 12.540000
23.077999 -1.540130 83.465500 14.310000
23.192801 -1.547800 83.880699 12.480000
23.307600 -1.555460 84.295998 16.760000
23.103701 -1.586110 86.137604 12.980000
22.826599 -0.765934 87.113800 15.310000
22.935801 -0.769599 87.530701 13.490000
23.045000 -0.773263 87.947502 11.820000
-26.159500 0.212891 87.974503 16.549999
-26.282400 0.000000 88.387802 11.760000
-25.891399 -0.214890 88.951698 12.420000
-26.009001 -1.367250 89.356003 21.410000
23.203100 -3.063900 91.418701 15.310000
23.309099 -3.077890 91.836098 11.990000
23.202000 -0.244875 102.988998 9.710000
23.296400 -0.573705 103.407997 10.600000
23.391399 -0.246874 103.830002 9.940000
-26.759600 -0.830240 151.046005 8.210000
-26.835100 -0.356818 151.472000 7.960000
-26.910299 -0.357817 151.895996 9.150000
-27.211000 0.361815 153.593994 7.540000
-27.286100 0.362815 154.018005 7.610000
-27.360399 -1.333970 154.436996 10.510000
-27.435600 -1.337640 154.860992 9.670000
-26.612600 -1.341300 155.442001 9.810000
-27.586901 0.000000 155.714996 9.650000
-27.662100 0.000000 156.139999 6.990000
-27.812300 -0.369811 156.988007 7.950000
-27.775299 0.932854 170.104996 8.130000
-27.845100 0.000000 170.533005 8.020000
-29.231300 0.401795 170.737000 7.560000
-29.304001 0.402794 171.162003 8.460000
