14.795100 -8.572550 28.433800 6.850000
14.890800 -10.771000 29.164499 16.700001
15.077000 -10.905600 29.528999 14.220000
17.242901 -11.040300 28.797100 8.050000
14.854300 0.089954 35.823299 11.670000
12.472600 0.212224 37.174801 9.780000
14.739600 0.212224 36.335602 10.860000
11.029600 10.173500 39.011002 13.750000
11.487600 -0.620328 40.630901 13.560000
13.390200 -0.499734 40.953701 12.660000
14.159400 -0.639318 41.148102 12.880000
12.509300 -2.343690 42.068802 10.950000
11.227800 -2.777770 42.849098 9.560000
11.872700 -14.265300 40.789700 12.520000
15.207700 -14.265300 39.667198 11.360000
15.385600 -14.136900 40.131001 12.280000
13.001400 -2.329800 43.723900 11.770000
5.948580 -5.671870 47.993000 13.510000
6.281000 -5.722060 48.382198 14.580000
9.798000 -4.280080 49.709301 9.560000
9.267460 -5.110050 54.130402 8.920000
-19.359900 -2.392090 53.887600 22.170000
-19.500099 -2.766860 54.277699 24.879999
-6.468370 -1.551700 58.657299 12.190000
-3.776140 -2.114480 59.306499 12.580000
-1.152690 -2.870100 59.815201 11.130000
4.419010 -1.295250 61.878502 17.790001
-4.757290 0.774588 66.615402 14.270000
-16.640301 1.202990 65.561798 22.080000
-16.364700 1.210650 66.075104 24.490000
-7.551400 -4.108060 72.312897 15.050000
-7.044420 1.755600 72.892403 15.070000
-7.087630 0.626673 73.339600 11.160000
-31.347099 -1.655040 72.806801 10.660000
-13.268500 -2.401600 114.257004 9.200000
-13.318200 -2.410600 114.684998 7.540000
-26.375099 -3.975520 148.875000 7.680000
-45.424900 -4.481070 145.548996 7.650000
-45.553200 -4.493730 145.960007 10.810000
15.469500 5.572590 30.297800 14.560000
15.654900 5.748740 30.660900 12.660000
11.757100 -3.099510 39.539101 9.900000
11.648400 -3.131800 40.019001 14.820000
11.768500 -3.164090 40.431599 16.820000
-19.461700 -5.094560 53.202301 18.299999
-19.298901 -5.133160 53.717800 26.790001
-19.438499 -5.349590 54.106400 29.010000
-19.162901 -5.389510 54.659500 25.950001
-6.452420 -4.423260 58.512699 15.080000
-12.149900 9.377440 59.231701 18.070000
3.935830 -3.691940 61.814499 20.040001
-1.210910 -2.820280 62.836498 17.070000
-4.021450 -2.643880 63.159199 14.550000
0.000000 9.919820 62.997002 16.020000
1.607730 -1.340220 64.169998 16.730000
3.399890 -3.897040 65.292297 18.290001
-15.472800 -1.000120 66.293098 25.910000
-15.569900 -1.218320 66.709396 23.660000
-15.668600 -1.012780 67.132301 13.110000
-20.134701 -1.857510 67.712997 12.820000
-20.257401 -1.868830 68.125900 17.879999
-16.655500 -1.714300 69.542099 18.870001
-20.381399 -1.714300 68.542801 17.549999
-16.755899 -1.724620 69.961098 14.540000
1.402030 -2.814530 72.754204 12.290000
1.833350 -2.831190 73.175301 12.790000
-30.720600 -4.204860 72.502602 11.430000
-30.325701 -4.227840 73.134697 12.840000
-30.490499 -4.250820 73.532204 11.570000
-44.811501 -13.304600 146.557007 18.969999
-45.818001 -12.034300 146.807999 11.320000
15.684100 5.349100 30.718201 14.000000
11.896100 -2.228810 40.006599 10.250000
11.786300 -2.153970 40.492802 14.680000
12.146400 -1.912380 40.848598 17.080000
12.051300 -2.777770 42.624802 11.560000
12.499700 -2.804740 42.943600 11.530000
12.033900 -2.831700 43.522800 10.990000
8.025840 -9.449550 45.302299 9.760000
9.081420 -2.248200 53.043800 11.540000
5.634100 -2.266190 53.952702 9.920000
8.563560 -2.642970 54.422199 10.910000
6.038580 -2.642970 54.759899 11.840000
8.950960 -2.148370 54.818600 10.690000
-19.461700 -5.094560 53.202301 10.840000
-19.609100 -5.133160 53.605400 19.170000
-19.761999 -4.993870 54.023201 26.430000
-19.909500 -5.031140 54.426300 28.500000
-6.787680 -4.741800 58.449699 16.389999
-1.211360 -2.237060 62.859901 16.980000
-0.727200 10.503900 62.897999 13.000000
3.399240 -4.099230 65.279999 18.770000
3.801380 -4.126200 65.688599 15.810000
0.827014 11.094400 71.531197 16.570000
-30.733400 -3.535010 72.532898 8.870000
-30.901400 -3.554330 72.929298 12.400000
-30.503300 -3.573650 73.562897 13.920000
-44.863800 -11.051800 146.727997 8.700000
-45.041801 -8.225900 147.311005 10.370000
-24.007401 -8.726580 152.569000 18.549999
-24.074301 -8.750890 152.994003 21.840000
-24.136801 -9.255480 153.391998 19.900000
-24.199100 -9.762640 153.787994 12.740000
15.699300 -1.420860 30.171400 10.180000
15.664000 -1.332320 30.678699 9.950000
15.619900 -1.348980 31.183500 6.820000
14.460700 -1.365630 32.210201 12.490000
15.663300 -1.654680 36.379601 5.780000
13.028000 -1.672660 37.860001 8.780000
13.173800 -1.189890 38.283901 7.250000
16.582199 -1.189890 36.935600 7.250000
13.834600 -1.202550 38.508099 8.480000
11.540400 -6.023300 38.810501 8.700000
11.121400 -6.339670 39.335800 9.650000
11.896100 -2.228810 40.006599 8.190000
12.020200 -2.153970 40.424000 8.250000
12.194600 8.969950 39.882702 10.890000
12.317800 9.060550 40.285599 12.580000
13.385400 -3.022070 41.754700 16.450001
13.516600 -3.051700 42.164101 10.630000
11.470700 -3.051700 42.766102 11.710000
7.385230 -8.090540 45.229599 11.540000
7.185650 -8.308460 45.665501 9.960000
7.183650 -3.047450 48.062401 9.470000
7.895610 -3.529160 48.355301 10.760000
8.340590 -3.560120 48.716599 12.620000
8.697030 -3.591070 49.090801 13.410000
10.188400 -3.809820 49.669102 12.990000
8.533570 -2.212230 52.262402 10.170000
7.891550 -2.230220 52.798500 10.800000
7.652400 -1.124350 53.304298 10.490000
6.676940 -1.133340 53.869400 9.680000
-2.439710 -1.518080 63.277100 19.170000
-1.210680 10.892800 62.824402 15.500000
3.779610 -3.138530 65.312302 19.760000
5.953880 -3.515540 65.564102 19.930000
0.380553 -3.515540 65.832802 21.250000
5.611220 -3.538520 66.026199 19.010000
3.615400 -6.252420 69.431198 26.809999
0.856186 -2.864490 74.054497 10.930000
0.861164 -2.881150 74.485001 11.760000
-23.846399 -1.101400 71.074799 10.090000
-30.177500 -3.291370 72.777397 9.620000
-29.781300 -3.064340 73.415901 7.890000
-24.018101 -7.412720 152.636993 12.150000
-24.973000 -6.954130 152.942993 12.260000
-25.042299 -6.973440 153.367004 8.060000
-24.228500 -6.028760 153.975006 8.070000
15.330100 -7.650420 28.915501 11.450000
15.300500 -7.748500 29.405001 14.620000
15.480000 -7.976290 29.750099 17.379999
13.601700 -0.569689 36.313000 7.720000
11.679500 -0.818524 37.423100 11.730000
13.400600 -0.827518 37.299999 11.070000
11.589000 -0.827518 37.902000 10.070000
13.547700 -0.588679 37.709599 8.220000
12.584800 -0.845508 38.490601 8.020000
11.248400 -1.343080 39.785000 10.600000
13.116000 9.291280 38.115898 11.840000
11.675100 -1.357070 40.110699 15.770000
11.795500 -1.371060 40.524200 15.120000
11.045500 -1.385050 41.181000 12.780000
12.276200 -1.265840 41.284901 12.020000
14.249900 -1.265840 40.645901 10.300000
11.267200 -12.011000 40.749802 11.600000
11.574100 -3.496000 43.151798 10.970000
13.438200 -3.529610 43.058300 11.120000
15.409800 -2.999640 42.892700 11.400000
10.908200 -10.477500 46.736099 13.380000
9.029970 -6.129400 48.778400 11.550000
10.037900 -6.800730 48.935600 11.470000
10.209500 -6.916980 49.772099 12.810000
10.319500 -6.023220 50.308498 11.340000
8.752700 -5.312060 51.123699 10.160000
10.490400 -2.266190 53.222099 12.580000
8.018830 -2.266190 53.650101 11.800000
5.993070 -2.284170 54.347198 14.080000
-18.499399 -1.670910 53.760399 19.280001
-18.950600 -1.860720 54.053799 26.030001
-19.510201 -2.053190 54.305801 27.500000
-19.964199 -2.607800 54.576099 23.469999
-1.846040 -0.879853 59.860199 16.200001
-2.414130 11.863100 62.613602 14.100000
3.382980 -1.157020 64.967598 19.980000
0.756869 -1.924080 65.464203 18.120001
3.782320 -1.924080 65.359200 19.200001
0.761848 -1.936730 65.894798 19.250000
-15.374800 0.993791 65.873596 23.850000
-15.473400 0.789580 66.295799 26.610001
-15.571300 0.794577 66.715401 23.690001
-15.669300 0.799575 67.135002 14.430000
-51.647099 -6.151080 137.884003 8.480000
-51.798100 -6.169060 138.287003 11.670000
-44.631500 -10.046000 145.968002 8.440000
-44.782600 -8.653660 146.462997 9.120000
-44.934799 -6.896170 146.960007 18.290001
-24.038799 -3.707420 152.768997 19.230000
-24.102301 -4.557020 153.171997 12.680000
-24.166901 -5.050540 153.582993 10.890000
-23.046200 -5.064530 154.190994 15.730000
13.797500 -8.542840 27.947599 8.360000
13.762800 -8.656750 28.427200 8.340000
14.201700 -11.333600 32.297298 8.750000
14.366700 -0.809529 36.012600 8.520000
13.751300 -0.818524 36.712399 9.860000
12.317100 -0.827518 37.671700 13.710000
11.676200 -1.227860 40.114498 15.550000
12.033200 -0.881487 40.467800 16.570000
12.707000 -0.758574 40.715500 12.100000
11.825300 -0.926461 42.768299 14.560000
11.096700 -3.529610 43.720402 9.770000
13.767200 -3.634230 42.945599 10.700000
11.202400 -3.563230 44.136700 12.360000
9.167980 -6.643070 44.694599 12.990000
9.273390 -5.992260 45.208500 12.180000
9.989060 -5.471090 45.566299 11.740000
7.143440 -5.970880 47.793301 13.820000
11.474200 -5.353470 47.908600 10.680000
9.614130 -15.891300 51.933899 10.560000
9.311080 -15.520900 52.556801 12.730000
-18.082800 -1.846730 53.896198 18.860001
-18.637800 -1.860720 54.162498 25.150000
-18.777901 -1.874720 54.569698 26.030001
0.000000 -1.585680 60.305199 15.060000
-13.520900 -3.476050 60.016399 20.290001
-4.395220 12.275800 61.545399 15.420000
-1.545410 12.275800 61.682701 15.840000
0.723539 12.250400 62.581299 9.120000
-15.373100 1.412180 65.866302 23.709999
-15.471100 1.421170 66.285797 26.129999
-15.567900 1.642010 66.700699 22.629999
-16.053499 1.652330 67.028603 13.030000
-6.584840 1.294940 72.512199 16.410000
-6.624400 0.849548 72.947899 15.610000
-26.937599 -1.394550 73.639099 9.200000
-30.199100 -1.402210 72.829300 10.140000
-30.364100 -1.409870 73.227303 10.880000
-11.990000 -3.035440 114.817001 7.080000
-26.372801 -4.443100 148.863007 7.670000
-43.438499 -6.366910 146.084000 9.180000
-43.689400 -5.928840 146.927994 20.280001
-42.954300 -6.420860 147.572998 18.240000
-43.056099 -7.868570 147.923004 11.340000
-22.223900 -2.781440 154.804993 9.290000
