6.403750 -0.398380 9.184200 6.640000
6.650040 -0.413702 9.537440 4.830000
5.948690 -0.643367 10.477000 7.420000
6.161140 -0.666344 10.851200 10.450000
6.289520 -0.579510 11.278900 8.290000
6.766890 -0.598827 11.501500 5.770000
6.159640 -0.598827 11.837800 7.010000
6.509000 -1.830970 12.509200 8.570000
6.601270 -1.976280 12.928900 10.690000
7.208750 -3.207640 13.854000 6.180000
7.247440 0.291170 14.680100 4.380000
7.205690 0.194896 15.180600 4.260000
6.478590 0.199894 15.970800 4.240000
5.393160 -0.040979 16.823500 6.500000
5.524700 -0.041979 17.233900 6.980000
6.499290 -0.042978 17.351400 5.570000
5.158240 0.043978 18.244400 10.880000
5.282350 -0.045977 19.104500 9.530000
6.033580 0.046976 19.332600 7.140000
7.382260 -1.695970 19.708700 7.450000
7.532910 -1.730580 20.110901 8.740000
5.863430 7.867240 20.144300 12.890000
5.817770 8.018540 20.577101 11.000000
5.380750 -2.781910 22.466299 10.750000
5.171270 -2.833430 22.954201 13.660000
4.834010 -1.882460 23.566200 15.380000
4.921500 -1.840340 23.992701 16.389999
4.824560 -1.487030 24.476999 18.840000
4.907740 -1.512670 24.899000 19.889999
4.990920 -1.538310 25.320999 15.120000
5.613980 -1.888410 25.608801 11.840000
7.905630 -6.562760 24.660999 10.490000
5.856380 -1.919370 25.995199 10.080000
4.648410 -1.919370 26.238199 8.260000
5.960680 -7.013910 25.538601 7.770000
5.673040 -2.555030 26.866600 6.820000
6.601260 -2.555030 26.653700 8.540000
5.767870 -2.249760 27.315701 9.320000
6.067060 -2.459670 27.675600 12.170000
7.451170 -2.496940 27.780199 11.330000
5.648510 -2.073970 29.556700 8.730000
7.461810 -6.523600 29.399000 6.930000
3.324580 -6.523600 30.148399 5.770000
4.955730 -6.614200 30.350500 10.090000
4.415430 -7.162020 30.756500 9.170000
2.921250 -5.393880 32.168800 8.240000
2.959690 -5.464860 32.591999 7.140000
4.463180 -5.464860 32.420399 8.860000
3.778050 -0.506391 34.260601 10.950000
3.357060 -0.512720 34.737301 18.969999
3.398640 -0.409782 35.167599 24.389999
3.234370 -0.304175 35.616901 24.950001
0.000000 -0.970746 40.493000 8.470000
2.105690 -0.970746 40.438202 6.750000
0.000000 -0.981073 40.923698 13.050000
0.000000 -0.863497 41.357399 13.410000
0.000000 -7.775130 41.067799 11.770000
3.201410 -14.248400 41.454700 10.200000
1.617600 -14.388100 41.954601 10.050000
1.170980 -4.496140 46.737701 8.510000
1.488410 -6.269680 48.263401 14.440000
2.193720 -1.915210 49.467899 10.810000
0.288251 -3.436870 49.865299 10.920000
0.290484 -4.049570 50.251598 14.910000
0.292967 -4.084180 50.681099 15.990000
-1.391490 -1.804760 55.539398 12.910000
-5.385610 -1.818750 55.727798 9.900000
-5.425850 -2.181680 56.144199 15.030000
-5.467270 -2.198330 56.572701 25.530001
-0.333697 -1.205300 57.727100 26.620001
-8.633060 -2.714610 69.651199 11.970000
-8.686020 -2.731260 70.078598 15.480000
-16.663601 -4.938620 151.110992 9.040000
-16.710800 -4.952610 151.539993 7.420000
-16.758101 -4.966600 151.968002 8.920000
-16.805300 -4.980590 152.395996 19.680000
-39.942402 -5.008570 148.917007 27.330000
-39.193802 -4.544360 149.576996 22.200001
-29.258301 -6.028760 153.098999 11.510000
-29.339100 -6.045410 153.522003 9.630000
-18.934099 -4.141160 171.699997 10.990000
6.704300 0.413669 7.287200 3.460000
6.123300 0.413669 7.781780 3.660000
6.847980 0.431655 7.737410 6.230000
6.389530 0.431655 8.120110 5.300000
6.991540 0.482925 8.181190 4.300000
6.507210 0.482925 8.571450 4.510000
7.347200 0.666600 8.431520 4.790000
6.277650 -0.413702 9.786560 7.360000
6.491960 -4.419070 9.159440 6.320000
6.166020 0.444347 10.859800 4.230000
6.204710 0.459669 11.331300 5.450000
6.410000 0.557554 11.706200 6.510000
6.546820 0.575540 12.121800 6.560000
6.603040 3.631450 12.058700 6.510000
6.898690 3.741490 12.371300 7.820000
6.273790 -0.804209 13.691000 7.470000
6.588150 0.481019 14.982600 7.620000
6.642810 0.493677 15.428600 6.850000
5.280960 0.100282 17.759899 5.510000
5.403770 0.102614 18.172899 7.660000
5.744940 -2.035210 18.407700 5.590000
6.527670 -1.897460 18.619301 5.980000
6.669580 -1.938700 19.024000 6.740000
5.780020 -0.239872 19.857700 7.580000
6.017520 -0.244870 20.237000 7.220000
6.749880 2.870590 21.627701 5.430000
4.638540 2.924750 22.613199 12.280000
4.878950 -1.994950 23.105900 14.730000
4.963910 -2.235650 23.508200 14.770000
4.729360 -2.275570 23.993999 15.350000
5.101900 -1.296780 24.872101 19.010000
5.186860 -1.458480 25.286301 15.370000
7.342770 -0.772162 25.226601 9.330000
6.762950 -1.362710 25.809700 9.170000
6.666560 -1.615220 26.265800 9.460000
5.531660 -1.640860 26.967199 10.500000
4.690980 -3.345650 28.729099 7.430000
4.775820 -2.388210 29.248699 9.930000
4.673430 -2.422820 29.700100 10.830000
6.041400 -2.422820 29.452299 9.590000
4.981870 -2.611570 30.510599 9.280000
3.975260 -5.293960 32.072201 8.830000
5.453630 -5.293960 31.854200 10.070000
3.778050 -0.506391 34.260601 12.630000
3.624840 -0.404785 34.711800 21.070000
3.398640 -0.409782 35.167599 24.700001
3.439950 -0.525380 35.595001 25.350000
3.390370 8.238910 35.082001 21.660000
4.483220 -3.618910 36.170502 15.610000
4.543540 -2.976610 36.657200 12.260000
3.164820 -2.924530 37.239799 14.230000
3.684220 -1.956150 38.122601 10.030000
3.507260 -0.089954 38.622002 10.390000
4.823270 -0.090954 38.914001 9.030000
2.573510 -0.595009 40.418400 9.320000
3.051460 -4.655190 42.729000 10.200000
0.000000 15.049400 41.294998 12.320000
1.285380 15.197000 41.680000 11.330000
2.429690 -4.785240 46.660500 8.880000
2.090880 -4.391450 47.148800 11.340000
2.109890 -4.431380 47.577400 12.840000
1.871110 -3.498200 48.529800 10.360000
1.510270 -3.529160 48.972401 10.090000
-4.741860 -1.472410 55.796501 11.160000
-4.774490 -2.704920 56.180500 14.440000
-4.810200 -2.901260 56.600700 25.030001
-4.848730 -2.392090 57.054100 26.969999
-18.357500 -0.142927 58.820499 20.900000
-18.143200 -0.143927 59.337700 17.280001
-22.991699 -0.143927 57.632599 17.350000
-22.366501 -0.144926 58.339802 15.150000
-29.140301 0.150923 58.175499 16.400000
-6.933890 -1.962050 66.399597 10.490000
-21.157801 -0.157919 64.710999 15.070000
-21.291700 0.158919 65.120499 11.760000
-18.258600 0.158919 66.035202 13.160000
-24.680300 0.159918 64.374901 11.550000
-21.425600 0.159918 65.530098 12.410000
-6.753380 -2.063320 69.880798 11.570000
-6.794810 -2.075980 70.309502 10.070000
-2.190640 -2.088640 71.033997 10.290000
-38.376301 -5.270870 143.078995 11.320000
-38.487900 -5.286190 143.494995 12.520000
-15.780000 -7.288830 151.110992 8.590000
-15.832900 -5.424090 151.617996 19.309999
-16.756300 -5.439410 151.951996 24.680000
-16.805300 -4.980590 152.395996 25.170000
-37.820301 -5.470060 149.009003 21.280001
-37.930199 -5.008570 149.442001 14.300000
-39.190102 -5.022560 149.561996 13.690000
6.619700 -1.479510 9.977960 3.240000
5.747180 -3.600370 10.495700 3.530000
5.945360 -3.724520 10.857600 7.000000
6.156020 -0.753549 11.830900 7.000000
6.260290 -0.777857 12.261100 7.630000
6.455920 -0.802165 12.644300 10.360000
6.650360 -0.871707 13.025100 9.730000
6.346830 -1.036990 13.641600 5.740000
5.705690 0.382102 14.882500 7.970000
5.609410 -1.226890 15.334400 7.630000
5.280850 0.157585 17.759501 7.330000
6.169120 0.043978 17.927799 7.640000
6.167830 0.044977 18.383301 6.840000
7.077270 -1.424050 18.459999 4.730000
6.935030 -1.626750 18.958200 5.790000
6.990720 -0.543660 19.458401 7.800000
7.473710 7.106780 18.424000 7.760000
6.577880 7.106780 18.762501 6.370000
5.859120 0.632920 20.723301 9.420000
5.975730 0.713511 21.135799 9.770000
4.742230 -1.385560 24.059299 12.300000
5.013960 -1.409870 24.443501 19.219999
5.322270 5.345730 24.278200 19.920000
5.410120 -2.273330 25.621401 11.690000
8.811820 -2.084150 25.134501 7.420000
6.552360 -2.084150 25.815800 10.200000
5.502670 -2.084150 26.059799 8.880000
4.360530 -2.180540 26.705299 7.300000
6.247870 -2.215150 26.768999 6.150000
5.003720 -2.215150 27.029200 7.150000
7.934950 5.807870 26.685301 10.770000
8.060330 5.808440 27.107000 9.560000
5.006950 5.895130 28.261999 11.160000
5.879770 -3.399230 29.830500 9.870000
5.720220 -10.760000 29.931999 5.540000
7.018720 -10.903500 30.071699 6.740000
3.994900 -11.745600 30.772499 8.990000
3.902440 3.782240 33.604500 11.450000
3.777860 -0.612989 34.258900 17.209999
3.624510 -0.620651 34.708599 23.260000
3.669440 -0.519050 35.138901 25.950001
3.439780 -0.635976 35.593201 25.100000
3.392810 8.129870 35.107201 20.320000
4.538660 -3.433320 36.617802 12.350000
2.951840 -1.008040 38.223000 12.180000
2.762470 -0.089954 38.682400 7.960000
5.048070 -0.212224 38.884998 7.540000
4.876220 -0.214556 39.341202 8.450000
2.884630 -0.845508 40.392899 9.870000
1.004950 -8.111790 40.111099 10.580000
2.549580 -8.111790 40.042599 11.810000
2.453230 -4.083650 42.392300 7.800000
2.479440 -3.859520 42.845100 12.610000
2.502030 -4.300110 43.235600 11.670000
2.931490 15.431900 41.049000 11.760000
2.960230 15.583200 41.451500 10.810000
2.424190 15.734500 41.890400 8.600000
0.000000 -15.700400 48.361500 9.620000
-4.408860 -2.392090 57.089802 23.240000
1.103820 -1.506390 57.279301 22.959999
1.111530 -2.410070 57.679600 18.580000
-18.940599 -0.719617 59.083698 13.780000
-28.400801 -2.481450 57.527401 20.290001
-16.366100 0.789580 66.081100 10.490000
27.751499 0.000000 63.112000 10.640000
27.924999 0.000000 63.506500 12.110000
-1.768640 -2.731260 70.592598 13.830000
-1.780140 -1.868830 71.051598 12.030000
-39.080898 -5.008570 149.145996 12.850000
-39.181400 -5.978800 149.529007 10.090000
7.455240 -1.916250 8.723780 4.940000
7.268620 -1.987220 9.422700 3.860000
6.336690 0.000000 10.770300 6.830000
6.548210 -4.348880 11.328700 5.320000
6.911850 -0.889964 12.394900 6.240000
5.885640 -0.916933 13.385000 5.490000
6.548540 -0.916933 13.073500 6.970000
7.123070 -1.580450 13.689400 3.870000
6.020510 -1.580450 14.208800 5.590000
5.519500 0.272185 17.685400 5.950000
5.543160 0.278515 18.129000 8.400000
5.775590 0.404764 18.506001 6.980000
6.556360 0.413759 18.701099 7.490000
6.956410 -0.360131 19.016701 7.940000
6.992670 -0.239872 19.463800 5.900000
5.351300 -0.310164 20.422400 6.450000
7.827930 -0.316494 20.070101 8.680000
4.825060 -2.384220 23.522600 13.930000
6.479370 -3.245560 26.161600 10.470000
6.940080 -3.297080 26.485600 7.030000
4.324040 -3.262580 27.479700 8.450000
6.578890 -3.312770 27.469000 9.890000
8.013570 -3.362960 27.531200 10.970000
5.375280 -3.463350 29.036301 9.840000
5.234420 -3.073090 29.546000 12.030000
5.135880 -3.116990 29.998199 10.410000
5.029900 11.452600 28.391500 8.230000
5.881520 11.521100 28.672800 7.410000
3.618970 -3.278300 32.818001 7.900000
3.838300 4.739730 33.052200 7.900000
3.624510 -0.620651 34.708599 14.350000
3.669260 -0.628313 35.137100 22.590000
3.439950 -0.525380 35.595001 25.719999
3.481540 -0.419777 36.025299 24.110001
3.785480 -3.618910 36.250198 18.139999
2.340960 -4.003460 36.766102 14.630000
2.367370 -4.165260 37.180901 11.420000
3.257630 -11.848100 35.873100 9.420000
3.506720 -0.689612 38.616001 7.570000
4.991880 -0.689612 38.452202 9.050000
3.545680 -0.697275 39.044998 8.880000
0.798948 -7.983570 41.459000 11.040000
2.472500 -5.019350 42.725201 8.690000
4.444940 -5.019350 42.565201 9.930000
2.177070 9.146160 49.092201 9.830000
0.000000 9.146160 49.140499 8.900000
-5.130710 -4.086390 56.499298 23.559999
0.333520 -2.231640 57.696499 20.400000
-2.222930 -2.231640 57.654598 20.270000
-2.240010 -1.888710 58.097698 17.090000
-4.959810 -1.902700 58.361099 12.980000
-19.235001 11.836600 57.330399 18.090000
-19.550200 0.535054 59.794201 11.360000
-26.386499 0.538719 57.582199 20.570000
-26.900700 0.542384 57.819401 24.280001
-27.250799 -2.098560 58.571899 17.309999
-30.017799 -2.112550 57.689201 16.969999
-31.108101 -2.126540 57.598598 14.690000
-8.197750 -4.386270 66.139198 10.750000
-7.738890 -4.207100 66.640800 16.190001
-7.794830 -3.241770 67.122498 15.450000
-7.784110 -3.406960 70.588898 12.640000
-15.775700 -8.111020 151.070007 8.310000
-14.652300 -8.134000 151.615005 20.350000
-14.695500 -7.802640 152.061996 24.309999
-14.736900 -7.824620 152.490005 23.150000
-15.948900 -9.152930 152.727997 16.510000
-39.928600 -6.438850 148.865997 13.530000
-39.176601 -6.456830 149.511002 14.240000
-39.290600 -5.995450 149.945999 12.220000
-44.303001 -6.012110 148.990997 10.920000
7.221920 0.321780 6.779550 7.080000
6.715100 0.335770 7.857700 0.700000
6.294640 0.283156 8.737510 1.430000
7.061800 0.199221 8.695250 4.190000
6.492220 2.551770 9.311090 4.480000
7.374420 2.551770 8.629210 6.200000
6.485440 2.818920 9.775570 7.270000
5.852680 -0.183567 11.039200 6.780000
6.021700 -1.356800 11.358100 6.370000
6.220370 -1.443110 11.732800 7.820000
6.056030 1.656390 12.758600 3.250000
6.383120 -0.260520 13.184400 8.330000
6.607740 -3.125580 13.191700 9.990000
6.966510 4.523390 14.111000 5.440000
6.186400 4.642430 14.919400 4.060000
8.619210 4.761470 14.146300 4.260000
5.263330 -0.040979 16.864599 3.510000
5.524700 0.041979 17.233900 3.410000
5.417570 -0.157585 17.718300 6.630000
5.403660 -0.161249 18.172501 6.270000
6.801350 -0.164914 18.157801 10.660000
5.526470 -0.164914 18.585501 8.930000
6.951650 -0.352469 18.559000 10.060000
6.292800 -0.360131 19.246500 9.200000
6.613360 -1.743480 22.240801 8.490000
4.122650 -1.775760 23.270500 8.220000
4.193670 -2.086990 23.671400 14.030000
4.125710 -2.351190 24.097900 15.040000
5.011120 -1.641310 24.429600 11.760000
4.907740 -1.512670 24.899000 15.060000
4.998630 -2.145920 26.156099 11.230000
4.720320 -2.180540 26.644100 7.630000
7.121220 -2.215150 26.550100 8.430000
5.747170 -3.262580 27.217699 7.010000
6.207810 -3.312770 27.555201 8.880000
7.801140 -3.362960 27.592199 6.730000
7.783490 -2.353600 28.150299 9.710000
4.380890 -2.388210 29.310400 8.630000
4.842530 -2.608740 29.657200 10.090000
5.316970 -2.646010 30.011900 11.120000
5.465250 -2.817450 30.848900 9.790000
4.033340 -2.817450 31.068600 9.920000
5.541640 -2.757810 31.280001 8.830000
3.624040 -0.836494 34.704201 9.640000
3.669040 -0.737571 35.134998 18.740000
3.439780 -0.635976 35.593201 24.430000
3.455490 -4.438530 35.755798 25.740000
3.780540 -4.069500 36.202900 22.430000
2.312950 -4.069500 36.326199 20.709999
2.624250 -4.003460 36.746899 15.370000
3.174380 0.318834 37.352299 11.830000
1.717370 -1.139260 38.726200 12.630000
4.990520 -1.139260 38.441700 11.310000
6.246830 -1.139260 38.257599 12.630000
2.715270 -5.548390 42.644901 8.250000
2.736590 -6.270560 42.979801 14.460000
2.778300 -4.477930 43.634701 16.170000
0.000000 -4.931280 44.107899 11.340000
1.715860 -4.979160 44.503101 8.550000
-3.990190 -0.303177 55.873901 8.780000
-4.779910 -0.305510 56.244301 9.320000
-2.187090 -3.559860 56.725101 16.400000
-2.205120 -2.923240 57.192600 21.830000
0.666946 -2.410070 57.686401 20.250000
-2.574920 -2.428060 58.063702 19.990000
-6.894180 -3.933500 59.366798 12.070000
-6.943780 -3.961790 59.793900 17.700001
-7.463710 -3.099080 60.216999 23.730000
-18.356300 -0.714620 58.816700 20.850000
-18.940599 -0.719617 59.083698 16.320000
-8.313130 -3.032770 67.070099 17.090000
-8.366080 -3.052090 67.497299 17.150000
-20.910400 -1.430170 65.228500 12.490000
-21.041901 -1.439160 65.638702 10.620000
-7.688580 -3.582620 69.722603 12.830000
-8.141130 -3.604600 70.104500 10.620000
-38.478699 -6.205040 143.460007 8.860000
-38.585098 -6.683690 143.856995 13.040000
-10.762800 -6.780270 150.710007 9.240000
-12.831000 -6.799590 150.979996 8.540000
-14.614900 -7.288830 151.227997 8.930000
-14.658400 -6.838220 151.679001 12.460000
-14.699800 -6.857540 152.106995 22.990000
-14.741200 -6.876860 152.535995 25.400000
-10.950900 -5.470060 153.343002 21.490000
-37.926201 -5.485380 149.427002 15.420000
-39.181400 -5.978800 149.529007 11.740000
-39.280399 -6.954130 149.906998 13.700000
6.925850 0.271830 7.675110 3.440000
6.788920 0.283156 8.359250 3.750000
7.060480 0.294483 8.693620 7.190000
7.325980 3.317600 8.407170 6.150000
7.130990 -0.792359 9.700010 4.220000
6.565490 -0.936311 10.591000 6.050000
6.725700 0.149920 11.038600 7.300000
6.861770 0.154918 11.459700 4.150000
6.552510 0.031984 12.132400 3.340000
6.426300 -1.976280 13.016800 8.220000
6.571660 -0.128266 13.573800 9.790000
6.629780 4.042700 13.429000 7.640000
5.832820 -2.528650 14.621000 6.080000
5.890410 -2.309100 15.102500 7.390000
6.766960 0.040979 16.319500 4.500000
5.524700 0.041979 17.233900 6.620000
5.041000 0.042978 17.829700 6.760000
5.418770 -0.224880 18.616600 9.190000
6.809020 -0.229878 18.613800 8.740000
5.282010 -0.229878 19.103300 8.940000
7.135150 -1.443220 20.735201 8.290000
7.397150 -1.471520 21.099300 9.280000
4.783780 -2.299070 22.655199 10.630000
3.599210 -2.299070 22.873301 10.070000
3.486190 -2.341650 23.324400 12.010000
4.743060 -2.122740 23.122801 13.490000
4.943850 -3.107100 23.413300 12.690000
3.537340 -3.107100 23.666599 14.000000
3.600510 -3.162580 24.089199 13.250000
4.971780 -3.524410 24.237801 12.600000
4.908620 -1.434170 24.903500 16.700001
4.991820 -1.458480 25.325600 13.450000
6.992470 -1.563950 25.289400 11.300000
5.792430 -2.285130 26.422899 6.160000
4.359140 -2.285130 26.696800 6.940000
5.890080 -1.981280 26.868299 10.780000
4.509110 -4.132070 28.655800 7.560000
4.967180 -4.192830 29.012800 9.450000
6.456260 -3.591650 30.575800 8.350000
4.682750 -3.640850 31.330000 7.720000
3.126360 -6.675370 32.350101 8.260000
2.977480 -6.762060 32.787998 8.950000
6.331450 12.883300 30.866301 7.660000
3.579940 -0.506391 34.281898 12.560000
3.624690 -0.512720 34.710400 18.770000
3.398500 -0.519050 35.166100 24.180000
3.440270 -0.193567 35.598301 25.200001
3.481720 0.195899 36.027199 21.530001
3.893190 0.550700 37.281502 12.870000
2.213380 -1.719210 38.247601 11.170000
5.202610 6.978210 37.791599 8.860000
3.428100 -1.315100 40.337799 7.550000
1.559710 -1.315100 40.453201 6.310000
2.476490 -4.390130 42.794201 14.460000
2.747360 -4.969270 43.148899 14.160000
3.093970 0.263531 48.592602 11.070000
3.120720 -1.025400 49.012600 9.950000
2.576290 -1.034400 49.475700 9.320000
-5.103920 -1.178310 56.204300 21.480000
1.111220 -2.766860 57.663601 21.070000
0.671833 -2.607800 58.109100 14.540000
-7.320650 0.361481 66.386101 16.160000
-7.367880 0.363813 66.814400 19.940001
-8.634960 -2.280440 69.666603 14.330000
-8.687930 -2.294430 70.094002 17.150000
-8.740910 -2.308420 70.521400 15.020000
-38.380402 -4.812700 143.093994 11.290000
-38.492001 -4.826690 143.509995 12.020000
-15.782300 -6.818910 151.132996 7.840000
-15.829100 -6.366910 151.580994 12.200000
-15.873900 -6.384890 152.009995 13.560000
-14.743200 -6.402880 152.556000 16.209999
-34.938301 -5.945490 149.692993 23.240000
-37.057598 -5.962140 149.626007 26.110001
-38.032200 -5.500700 149.843994 22.430000
-17.896500 -4.130830 171.378998 9.240000
-17.940201 -4.541830 171.796997 11.160000
