-8.480560 -1.194600 13.447700 7.060000
2.086920 -0.475703 17.970800 8.660000
2.278350 -0.487029 18.381599 17.559999
2.331630 -0.395770 18.811501 21.760000
3.271450 -0.404764 19.108299 23.719999
-0.877954 -0.413759 19.797600 28.309999
-1.052920 -0.422754 20.220501 27.120001
-2.335360 -0.532334 20.110201 22.150000
-0.647239 -2.216110 20.987499 14.830000
-0.660448 -2.261340 21.415800 10.790000
-4.579050 -0.797479 26.745800 9.480000
-5.029740 -1.472610 28.390600 11.050000
-4.938170 -1.494590 28.843399 8.640000
-6.133920 -1.585440 29.049299 10.050000
-7.321570 -2.048800 12.016500 5.010000
-6.592650 -2.110880 12.912100 4.050000
-6.509060 -2.080610 13.444500 4.920000
-7.853710 -0.875089 13.348700 4.330000
-8.071860 -0.899397 13.719500 8.800000
-8.291430 -0.873141 14.092700 11.840000
7.912160 0.095618 15.795800 10.940000
2.812840 -0.265855 17.875900 11.040000
2.879500 -0.386775 18.299500 11.840000
2.945840 -0.556969 18.721100 18.570000
-1.145100 0.168579 19.787600 25.520000
-3.252060 -1.704780 19.916700 27.969999
-3.321250 -1.741050 20.340401 25.219999
-2.596980 -0.244870 20.952299 18.340000
-2.649740 -0.383118 21.378000 15.150000
-5.977930 -0.390780 21.143600 18.650000
-5.254150 -1.101070 23.967501 13.460000
-3.583690 -0.629952 26.031799 8.180000
-3.642440 -0.640279 26.458599 12.170000
-3.701190 -0.650606 26.885300 12.040000
-3.759940 -0.660933 27.312099 13.490000
-3.979250 -0.584660 27.718201 15.220000
-3.877710 -0.593654 28.167500 13.780000
-4.651410 -0.602649 28.486799 13.230000
-4.553630 -0.611644 28.938700 12.820000
-7.041560 -0.922984 13.791300 10.370000
-7.855040 -0.827186 13.351000 10.470000
-8.073240 -0.850163 13.721800 17.090000
-8.290020 -0.923705 14.090300 17.270000
2.880020 -0.157585 18.302799 21.500000
2.946910 -0.219883 18.727900 25.610001
2.124650 0.509682 19.267000 27.559999
3.013050 0.509682 19.148199 28.799999
2.058690 0.000000 19.714199 26.680000
-1.592000 -0.543660 20.614700 16.520000
-3.056400 -0.543660 20.448900 16.700001
-2.999530 -0.506027 20.893801 21.180000
-5.581110 -0.249867 20.808100 17.860001
-2.938100 -0.249867 21.342300 19.670000
-3.795330 -0.640279 26.437099 11.570000
-4.286240 -0.405112 27.239500 9.980000
-3.979680 -0.411442 27.721300 9.610000
-24.988100 -2.281370 21.708401 10.920000
-25.312700 -2.311000 21.990299 9.910000
-25.637199 -2.340630 22.272200 13.380000
-6.466380 0.221546 13.623100 8.880000
-7.751910 -0.827186 13.411100 11.910000
-8.070410 -0.948623 13.717000 16.680000
-8.179710 -0.974261 14.151200 15.590000
2.738930 -0.100282 18.324900 27.150000
2.802570 -0.161249 18.750601 29.540001
2.013930 -0.044977 19.285601 27.459999
0.762017 -1.301730 19.763901 20.330000
-3.120520 -0.849356 21.736601 12.920000
-4.011760 -0.650606 26.840700 11.860000
-3.917530 -0.724881 27.288300 12.770000
-3.978970 -0.671260 27.716299 10.050000
-4.040180 -0.681588 28.142700 8.870000
-25.533701 -2.103550 21.754299 10.280000
-25.861099 -2.130520 22.033199 12.930000
-26.188400 -2.157490 22.312099 11.080000
-5.766460 -0.897346 13.906600 1.140000
-6.350610 -0.897346 13.649800 2.990000
-7.051820 -0.897346 13.301100 3.550000
-7.852300 -0.922984 13.346300 9.110000
-7.964450 -0.948623 13.778800 9.750000
-8.181180 -0.923705 14.153800 6.400000
-8.436590 2.369860 14.339400 10.210000
7.627450 -0.453050 15.449800 14.410000
7.818140 -0.464377 15.836000 17.180000
7.883550 -0.475703 16.283501 15.890000
2.879930 -0.214886 18.302299 9.810000
2.946790 -0.278515 18.727100 17.070000
2.013500 -0.404764 19.281401 23.209999
3.013430 -0.404764 19.150600 21.969999
2.855830 -3.159820 21.998301 19.080000
2.909450 -3.290490 22.411301 19.840000
3.882050 -3.494940 22.674700 17.020000
4.926100 -3.494940 22.471001 17.360001
5.040350 -2.760640 22.992201 16.340000
-8.199570 -3.550580 22.415100 16.750000
-8.345990 -3.613980 22.815399 16.980000
-1.839800 -1.159020 25.762400 11.570000
-3.918740 -0.234544 27.296700 10.710000
-3.976640 -1.169060 27.700100 12.180000
-4.037820 -1.187050 28.126301 11.950000
-4.099000 -1.205040 28.552401 8.480000
-7.644190 -0.970870 13.463200 8.460000
-7.961370 -1.047050 13.773500 12.710000
-8.176540 -1.075340 14.145800 16.110001
2.879930 -0.214886 18.302299 21.830000
3.054990 -0.278515 18.709801 26.889999
3.271810 -0.284845 19.110399 25.790001
1.753450 -0.284845 19.309000 27.190001
1.906560 -0.229878 19.728201 23.139999
1.336260 -1.891160 20.986700 16.230000
4.415900 -2.708100 20.913000 16.469999
2.065130 -1.813590 21.368999 17.100000
6.092980 -2.762260 20.932899 12.910000
6.196770 -3.228410 21.289499 12.180000
3.573160 -3.228410 21.883200 13.110000
-3.493660 -0.713554 26.911501 10.460000
-3.549120 -0.724881 27.338699 10.340000
-3.935960 -0.758859 28.590700 12.020000
-4.162370 -0.770186 28.993799 10.210000
-4.393830 -0.712569 29.396999 9.210000
-5.088570 -0.722896 29.721901 8.390000
-3.882080 -0.722896 29.903400 9.250000
